Madagascar1218CLEAN/DATA/afpop.txt
ncols         251
nrows         471
xllcorner     43.217484268189
yllcorner     -25.606154098314
cellsize      0.029
NODATA_value  -9999
[rows 93 to 123 of 471, columns 140 to 209 of 251]
-9999 -9999 -9999 -9999 -9999 -9999 -9999 -9999 -9999 -9999 -9999 -9999 -9999 -9999 -9999 -9999 0 0 0 -9999 -9999 0 0 0 -9999 16.9861 16.9861 22.45 22.45 22.45 22.4602 22.4602 11.8879 11.8879 11.8879 16.7784 16.7784 16.7784 7.98471 7.98471 7.98471 7.98106 7.98106 7.98106 9.4173 9.4173 9.4173 10.5706 10.5706 10.5706 20.8115 20.8115 20.8115 20.8115 20.8115 20.5722 20.5722 20.5722 12.5074 12.5074 12.5074 12.5074 12.5074 12.5074 20.7235 20.7235 20.7235 20.714 20.714 20.714
-9999 -9999 -9999 -9999 -9999 -9999 0.327015 -9999 -9999 -9999 -9999 -9999 -9999 -9999 -9999 208.727 208.727 208.727 1.99035 1.99035 1.99035 -9999 1.99126 1.99126 -9999 0 0 22.4414 22.4414 22.4414 22.3168 22.3168 16.772 16.772 16.772 12.4319 12.4319 12.4319 7.98168 7.98168 7.98168 7.97802 7.97802 7.97802 10.5617 10.5617 10.5617 10.5666 10.5666 10.5666 10.5617 10.5617 10.5617 10.5617 10.5617 10.5666 10.5666 10.5666 12.5027 12.5027 12.5027 12.5027 12.5027 12.5027 20.7156 20.7156 20.7156 12.1627 12.1627 12.1627
-9999 -9999 -9999 -9999 -9999 0.327015 0.327015 -9999 -9999 -9999 -9999 -9999 -9999 -9999 0 208.727 208.727 208.727 1.99035 1.99035 1.99035 1.99126 1.99126 1.99126 -9999 0 0 22.4414 22.4414 22.4414 22.3168 22.3168 16.772 16.772 16.772 12.4319 12.4319 12.4319 7.98168 7.98168 7.98168 7.97802 7.97802 7.97802 10.5617 10.5617 10.5617 10.5666 10.5666 10.5666 10.5617 10.5617 10.5617 10.5617 10.5617 10.5666 10.5666 10.5666 12.5027 12.5027 12.5027 12.5027 12.5027 12.5027 20.7156 20.7156 20.7156 12.1627 12.1627 12.1627
-9999 -9999 -9999 -9999 0.327015 0.327015 0.327015 -9999 -9999 -9999 -9999 -9999 -9999 -9999 0 208.727 208.727 208.727 1.99035 1.99035 1.99035 1.99126 1.99126 1.99126 -9999 0 0 22.4414 22.4414 22.4414 22.3168 22.3168 16.772 16.772 16.772 12.4319 12.4319 12.4319 7.98168 7.98168 7.98168 7.97802 7.97802 7.97802 10.5617 10.5617 10.5617 10.5666 10.5666 10.5666 10.5617 10.5617 10.5617 10.5617 10.5617 10.5666 10.5666 10.5666 12.5027 12.5027 12.5027 12.5027 12.5027 12.5027 20.7156 20.7156 20.7156 12.1627 12.1627 12.1627
-9999 -9999 -9999 1.13732 1.99154 1.99154 1.99154 -9999 -9999 -9999 -9999 -9999 -9999 1.99073 1.99073 1.98982 1.98982 1.98982 1.98982 1.98982 1.98982 1.99073 1.99073 1.99073 -9999 20.6782 20.6782 20.6782 20.6782 20.6782 20.6877 20.6877 16.7676 16.7676 16.7676 16.7676 16.7676 16.7676 9.7961 9.7961 9.7961 16.7676 16.7676 16.7676 10.5589 10.5589 10.5589 10.5637 10.5637 10.5637 10.5589 10.5589 10.5589 10.5589 10.5589 22.649 22.649 22.649 12.4993 12.4993 12.4993 12.2861 12.2861 12.2861 12.165 12.165 12.165 12.1594 12.1594 12.1594
-9999 -9999 1.13732 1.13732 1.99154 1.99154 1.99154 -9999 -9999 -9999 -9999 -9999 1.99073 1.99073 1.99073 1.98982 1.98982 1.98982 1.98982 1.98982 1.98982 1.99073 1.99073 1.99073 20.6782 20.6782 20.6782 20.6782 20.6782 20.6782 20.6877 20.6877 16.7676 16.7676 16.7676 16.7676 16.7676 16.7676 9.7961 9.7961 9.7961 16.7676 16.7676 16.7676 10.5589 10.5589 10.5589 10.5637 10.5637 10.5637 10.5589 10.5589 10.5589 10.5589 10.5589 22.649 22.649 22.649 12.4993 12.4993 12.4993 12.2861 12.2861 12.2861 12.165 12.165 12.165 12.1594 12.1594 12.1594
-9999 1.13732 1.13732 1.13732 1.99154 1.99154 1.99154 0 -9999 -9999 -9999 -9999 1.99073 1.99073 1.99073 1.98982 1.98982 1.98982 1.98982 1.98982 1.98982 1.99073 1.99073 1.99073 20.6782 20.6782 20.6782 20.6782 20.6782 20.6782 20.6877 20.6877 16.7676 16.7676 16.7676 16.7676 16.7676 16.7676 9.7961 9.7961 9.7961 16.7676 16.7676 16.7676 10.5589 10.5589 10.5589 10.5637 10.5637 10.5637 10.5589 10.5589 10.5589 10.5589 10.5589 22.649 22.649 22.649 12.4993 12.4993 12.4993 12.2861 12.2861 12.2861 12.165 12.165 12.165 12.1594 12.1594 12.1594
-9999 1.06718 1.06718 1.06718 1.99055 1.99055 1.99055 0 -9999 -9999 -9999 -9999 1.98973 1.98973 1.98973 1.98882 1.98882 1.98882 14.0508 14.0508 14.0508 9.36226 9.36226 9.36226 108.616 108.616 108.616 14.036 14.036 14.036 20.6774 20.6774 14.036 14.036 14.036 19.7404 19.7404 19.7404 16.7669 16.7669 16.7669 16.7592 16.7592 16.7592 19.7404 19.7404 19.7404 12.4566 12.4566 12.4566 10.5536 10.5536 22.6926 22.6926 22.6926 22.703 22.703 22.703 22.6926 22.6926 22.6926 12.1534 12.1534 12.1534 12.1589 12.1589 12.1589 12.1534 12.1534 12.1534
-9999 1.06718 -9999 -9999 1.99055 1.99055 1.99055 -9999 -9999 -9999 -9999 0 1.98973 1.98973 1.98973 1.98882 1.98882 1.98882 14.0508 14.0508 14.0508 9.36226 9.36226 9.36226 108.616 108.616 108.616 14.036 14.036 14.036 20.6774 20.6774 14.036 14.036 14.036 19.7404 19.7404 19.7404 16.7669 16.7669 16.7669 16.7592 16.7592 16.7592 19.7404 19.7404 19.7404 12.4566 12.4566 12.4566 10.5536 10.5536 22.6926 22.6926 22.6926 22.703 22.703 22.703 22.6926 22.6926 22.6926 12.1534 12.1534 12.1534 12.1589 12.1589 12.1589 12.1534 12.1534 12.1534
-9999 -9999 -9999 1.98887 0 0 -9999 -9999 -9999 -9999 -9999 1.98805 1.98896 1.98896 1.98896 1.98805 1.98805 1.98805 14.0453 14.0453 14.0453 14.0518 14.0518 14.0518 77.3034 77.3034 77.3034 14.0305 14.0305 14.0305 14.0369 14.0369 14.0305 14.0305 14.0305 19.7327 19.7327 19.7327 19.7418 19.7418 19.7418 19.7327 19.7327 19.7327 17.4233 17.4233 17.4233 16.9372 16.9372 16.9372 21.1473 21.1473 8.35868 8.35868 8.35868 22.6942 22.6942 22.6942 8.35868 8.35868 8.35868 9.82146 9.82146 9.82146 12.1542 12.1542 12.1542 12.1487 12.1487 12.1487
0 1.98887 1.98887 1.98887 0 -9999 -9999 -9999 -9999 -9999 1.98805 1.98805 1.98896 1.98896 1.98896 1.98805 1.98805 1.98805 14.0453 14.0453 14.0453 14.0518 14.0518 14.0518 77.3034 77.3034 77.3034 14.0305 14.0305 14.0305 14.0369 14.0369 14.0305 14.0305 14.0305 19.7327 19.7327 19.7327 19.7418 19.7418 19.7418 19.7327 19.7327 19.7327 17.4233 17.4233 17.4233 16.9372 16.9372 16.9372 21.1473 21.1473 8.35868 8.35868 8.35868 22.6942 22.6942 22.6942 8.35868 8.35868 8.35868 9.82146 9.82146 9.82146 12.1542 12.1542 12.1542 12.1487 12.1487 12.1487
0 1.98887 1.98887 1.98887 0 -9999 -9999 -9999 -9999 -9999 1.98805 1.98805 1.98896 1.98896 1.98896 1.98805 1.98805 1.98805 14.0453 14.0453 14.0453 14.0518 14.0518 14.0518 77.3034 77.3034 77.3034 14.0305 14.0305 14.0305 14.0369 14.0369 14.0305 14.0305 14.0305 19.7327 19.7327 19.7327 19.7418 19.7418 19.7418 19.7327 19.7327 19.7327 17.4233 17.4233 17.4233 16.9372 16.9372 16.9372 21.1473 21.1473 8.35868 8.35868 8.35868 22.6942 22.6942 22.6942 8.35868 8.35868 8.35868 9.82146 9.82146 9.82146 12.1542 12.1542 12.1542 12.1487 12.1487 12.1487
8.13585 8.13585 8.13585 8.13585 -9999 -9999 -9999 -9999 -9999 0 1.98751 1.98751 3.30606 3.30606 3.30606 10.2785 10.2785 10.2785 14.0415 14.0415 14.0415 12.6325 12.6325 12.6325 14.0267 14.0267 14.0267 14.0267 14.0267 14.0267 14.0331 14.0331 14.0267 14.0267 14.0267 19.7273 19.7273 19.7273 19.7363 19.7363 19.7363 16.9248 16.9248 16.9248 16.9248 16.9248 16.9248 16.9326 16.9326 16.9326 21.1415 21.1415 20.895 20.895 20.895 8.36021 8.36021 8.36021 8.35638 8.35638 8.35638 8.35638 8.35638 8.35638 12.1509 12.1509 12.1509 12.1453 12.1453 12.1453
8.13585 8.13585 8.13585 8.13585 0 -9999 -9999 -9999 0 0 1.98751 1.98751 3.30606 3.30606 3.30606 10.2785 10.2785 10.2785 14.0415 14.0415 14.0415 12.6325 12.6325 12.6325 14.0267 14.0267 14.0267 14.0267 14.0267 14.0267 14.0331 14.0331 14.0267 14.0267 14.0267 19.7273 19.7273 19.7273 19.7363 19.7363 19.7363 16.9248 16.9248 16.9248 16.9248 16.9248 16.9248 16.9326 16.9326 16.9326 21.1415 21.1415 20.895 20.895 20.895 8.36021 8.36021 8.36021 8.35638 8.35638 8.35638 8.35638 8.35638 8.35638 12.1509 12.1509 12.1509 12.1453 12.1453 12.1453
8.13585 8.13585 8.13585 8.13585 -9999 -9999 -9999 0 0 0 1.98751 1.98751 3.30606 3.30606 3.30606 10.2785 10.2785 10.2785 14.0415 14.0415 14.0415 12.6325 12.6325 12.6325 14.0267 14.0267 14.0267 14.0267 14.0267 14.0267 14.0331 14.0331 14.0267 14.0267 14.0267 19.7273 19.7273 19.7273 19.7363 19.7363 19.7363 16.9248 16.9248 16.9248 16.9248 16.9248 16.9248 16.9326 16.9326 16.9326 21.1415 21.1415 20.895 20.895 20.895 8.36021 8.36021 8.36021 8.35638 8.35638 8.35638 8.35638 8.35638 8.35638 12.1509 12.1509 12.1509 12.1453 12.1453 12.1453
8.13173 8.13173 8.13173 8.13173 -9999 -9999 -9999 8.13173 8.13173 8.13173 8.13173 8.13173 10.278 10.278 10.278 12.6204 12.6204 12.6204 12.6204 12.6204 12.6204 12.6261 12.6261 12.6261 12.6204 12.6204 12.6204 14.0196 14.0196 14.0196 14.026 14.026 14.0196 14.0196 14.0196 14.3462 14.3462 14.3462 19.7264 19.7264 19.7264 14.3462 14.3462 14.3462 14.3462 14.3462 14.3462 21.1405 21.1405 21.1405 21.1308 21.1308 21.1308 21.1308 21.1308 8.35597 8.35597 8.35597 8.35215 8.35215 8.35215 8.35215 8.35215 8.35215 12.1447 12.1447 12.1447 12.1392 12.1392 12.1392
8.13173 8.13173 8.13173 8.13173 0.764799 -9999 0.764799 8.13173 8.13173 8.13173 8.13173 8.13173 10.278 10.278 10.278 12.6204 12.6204 12.6204 12.6204 12.6204 12.6204 12.6261 12.6261 12.6261 12.6204 12.6204 12.6204 14.0196 14.0196 14.0196 14.026 14.026 14.0196 14.0196 14.0196 14.3462 14.3462 14.3462 19.7264 19.7264 19.7264 14.3462 14.3462 14.3462 14.3462 14.3462 14.3462 21.1405 21.1405 21.1405 21.1308 21.1308 21.1308 21.1308 21.1308 8.35597 8.35597 8.35597 8.35215 8.35215 8.35215 8.35215 8.35215 8.35215 12.1447 12.1447 12.1447 12.1392 12.1392 12.1392
8.13173 8.13173 8.13173 8.13173 0.764799 0.764799 0.764799 8.13173 8.13173 8.13173 8.13173 8.13173 10.278 10.278 10.278 12.6204 12.6204 12.6204 12.6204 12.6204 12.6204 12.6261 12.6261 12.6261 12.6204 12.6204 12.6204 14.0196 14.0196 14.0196 14.026 14.026 14.0196 14.0196 14.0196 14.3462 14.3462 14.3462 19.7264 19.7264 19.7264 14.3462 14.3462 14.3462 14.3462 14.3462 14.3462 21.1405 21.1405 21.1405 21.1308 21.1308 21.1308 21.1308 21.1308 8.35597 8.35597 8.35597 8.35215 8.35215 8.35215 8.35215 8.35215 8.35215 12.1447 12.1447 12.1447 12.1392 12.1392 12.1392
8.12852 8.12852 8.12852 8.12852 8.13225 8.13225 8.13225 9.81824 9.81824 9.81824 10.2692 10.2692 10.2739 10.2739 10.2739 21.2383 21.2383 21.2383 21.2383 21.2383 21.2383 12.6212 12.6212 12.6212 12.6154 12.6154 12.6154 14.3032 14.3032 14.3032 14.3098 14.3098 14.3405 14.3405 14.3405 14.3405 14.3405 14.3405 14.3471 14.3471 14.3471 14.3405 14.3405 14.3405 14.3405 14.3405 14.3405 18.6331 18.6331 18.6331 17.1448 17.1448 17.1448 17.1448 17.1448 8.35268 8.35268 8.35268 8.34886 8.34886 8.34886 8.34886 8.34886 8.34886 8.35268 8.35268 8.35268 8.34886 8.34886 8.34886
8.12852 8.12852 8.12852 8.12852 8.13225 8.13225 8.13225 9.81824 9.81824 9.81824 10.2692 10.2692 10.2739 10.2739 10.2739 21.2383 21.2383 21.2383 21.2383 21.2383 21.2383 12.6212 12.6212 12.6212 12.6154 12.6154 12.6154 14.3032 14.3032 14.3032 14.3098 14.3098 14.3405 14.3405 14.3405 14.3405 14.3405 14.3405 14.3471 14.3471 14.3471 14.3405 14.3405 14.3405 14.3405 14.3405 14.3405 18.6331 18.6331 18.6331 17.1448 17.1448 17.1448 17.1448 17.1448 8.35268 8.35268 8.35268 8.34886 8.34886 8.34886 8.34886 8.34886 8.34886 8.35268 8.35268 8.35268 8.34886 8.34886 8.34886
8.12852 8.12852 8.12852 8.12852 8.13225 8.13225 8.13225 9.81824 9.81824 9.81824 10.2692 10.2692 10.2739 10.2739 10.2739 21.2383 21.2383 21.2383 21.2383 21.2383 21.2383 12.6212 12.6212 12.6212 12.6154 12.6154 12.6154 14.3032 14.3032 14.3032 14.3098 14.3098 14.3405 14.3405 14.3405 14.3405 14.3405 14.3405 14.3471 14.3471 14.3471 14.3405 14.3405 14.3405 14.3405 14.3405 14.3405 18.6331 18.6331 18.6331 17.1448 17.1448 17.1448 17.1448 17.1448 8.35268 8.35268 8.35268 8.34886 8.34886 8.34886 8.34886 8.34886 8.34886 8.35268 8.35268 8.35268 8.34886 8.34886 8.34886
7.12979 7.69394 7.69394 7.69394 8.12995 8.12995 8.12995 10.2663 10.2663 10.2663 10.2663 10.2663 10.271 10.271 10.271 21.2323 21.2323 21.2323 12.2843 12.2843 12.2843 18.8472 18.8472 18.8472 14.2992 14.2992 14.2992 14.2992 14.2992 14.2992 14.3057 14.3057 12.0343 12.0343 12.0343 10.5871 10.5871 10.5871 14.3431 14.3431 14.3431 140.267 140.267 140.267 14.3365 14.3365 14.3365 18.6279 18.6279 18.6279 17.557 17.557 17.1399 17.1399 17.1399 17.1478 17.1478 17.1478 17.1399 17.1399 17.1399 8.34651 8.34651 8.34651 8.35033 8.35033 8.35033 8.34651 8.34651 8.34651
7.12979 7.69394 7.69394 7.69394 8.12995 8.12995 8.12995 10.2663 10.2663 10.2663 10.2663 10.2663 10.271 10.271 10.271 21.2323 21.2323 21.2323 12.2843 12.2843 12.2843 18.8472 18.8472 18.8472 14.2992 14.2992 14.2992 14.2992 14.2992 14.2992 14.3057 14.3057 12.0343 12.0343 12.0343 10.5871 10.5871 10.5871 14.3431 14.3431 14.3431 140.267 140.267 140.267 14.3365 14.3365 14.3365 18.6279 18.6279 18.6279 17.557 17.557 17.1399 17.1399 17.1399 17.1478 17.1478 17.1478 17.1399 17.1399 17.1399 8.34651 8.34651 8.34651 8.35033 8.35033 8.35033 8.34651 8.34651 8.34651
7.12979 7.69394 7.69394 7.69394 8.12995 8.12995 8.12995 10.2663 10.2663 10.2663 10.2663 10.2663 10.271 10.271 10.271 21.2323 21.2323 21.2323 12.2843 12.2843 12.2843 18.8472 18.8472 18.8472 14.2992 14.2992 14.2992 14.2992 14.2992 14.2992 14.3057 14.3057 12.0343 12.0343 12.0343 10.5871 10.5871 10.5871 14.3431 14.3431 14.3431 140.267 140.267 140.267 14.3365 14.3365 14.3365 18.6279 18.6279 18.6279 17.557 17.557 17.1399 17.1399 17.1399 17.1478 17.1478 17.1478 17.1399 17.1399 17.1399 8.34651 8.34651 8.34651 8.35033 8.35033 8.35033 8.34651 8.34651 8.34651
7.68999 7.68999 7.68999 7.68999 7.69351 7.69351 7.69351 7.68999 7.68999 7.68999 17.1531 17.1531 17.1609 17.1609 17.1609 12.278 12.278 12.278 10.7179 10.7179 10.7179 12.2836 12.2836 12.2836 12.278 12.278 12.278 12.278 12.278 12.278 12.2836 12.2836 11.6845 11.6845 11.6845 10.5816 10.5816 10.5816 14.3357 14.3357 14.3357 24.768 24.768 24.768 38.3896 38.3896 38.3896 18.6183 18.6183 18.6183 17.4479 17.4479 17.1311 17.1311 17.1311 17.139 17.139 17.139 15.1566 15.1566 15.1566 6.97652 6.97652 6.97652 6.97971 6.97971 6.97971 6.97652 6.97652 6.97652
7.68999 7.68999 7.68999 7.68999 7.69351 7.69351 7.69351 7.68999 7.68999 7.68999 17.1531 17.1531 17.1609 17.1609 17.1609 12.278 12.278 12.278 10.7179 10.7179 10.7179 12.2836 12.2836 12.2836 12.278 12.278 12.278 12.278 12.278 12.278 12.2836 12.2836 11.6845 11.6845 11.6845 10.5816 10.5816 10.5816 14.3357 14.3357 14.3357 24.768 24.768 24.768 38.3896 38.3896 38.3896 18.6183 18.6183 18.6183 17.4479 17.4479 17.1311 17.1311 17.1311 17.139 17.139 17.139 15.1566 15.1566 15.1566 6.97652 6.97652 6.97652 6.97971 6.97971 6.97971 6.97652 6.97652 6.97652
7.68999 7.68999 7.68999 7.68999 7.69351 7.69351 7.69351 7.68999 7.68999 7.68999 17.1531 17.1531 17.1609 17.1609 17.1609 12.278 12.278 12.278 10.7179 10.7179 10.7179 12.2836 12.2836 12.2836 12.278 12.278 12.278 12.278 12.278 12.278 12.2836 12.2836 11.6845 11.6845 11.6845 10.5816 10.5816 10.5816 14.3357 14.3357 14.3357 24.768 24.768 24.768 38.3896 38.3896 38.3896 18.6183 18.6183 18.6183 17.4479 17.4479 17.1311 17.1311 17.1311 17.139 17.139 17.139 15.1566 15.1566 15.1566 6.97652 6.97652 6.97652 6.97971 6.97971 6.97971 6.97652 6.97652 6.97652
14.6753 9.04758 9.04758 9.04758 4.86276 4.86276 4.86276 10.1638 10.1638 10.1638 15.9187 15.9187 12.6249 12.6249 12.6249 19.6726 19.6726 19.6726 20.7296 20.7296 20.7296 20.7391 20.7391 20.7391 20.7296 20.7296 20.7296 10.5774 10.5774 10.5774 10.5822 10.5822 10.5774 10.5774 10.5774 10.5774 10.5774 10.5774 29.1963 29.1963 29.1963 29.183 29.183 29.183 38.3742 38.3742 38.3742 18.6109 18.6109 18.6109 28.2844 28.2844 20.5483 20.5483 20.5483 17.1321 17.1321 17.1321 14.0483 14.0483 14.0483 6.97372 6.97372 6.97372 6.97692 6.97692 6.97692 6.97372 6.97372 6.97372
14.6753 9.04758 9.04758 9.04758 4.86276 4.86276 4.86276 10.1638 10.1638 10.1638 15.9187 15.9187 12.6249 12.6249 12.6249 19.6726 19.6726 19.6726 20.7296 20.7296 20.7296 20.7391 20.7391 20.7391 20.7296 20.7296 20.7296 10.5774 10.5774 10.5774 10.5822 10.5822 10.5774 10.5774 10.5774 10.5774 10.5774 10.5774 29.1963 29.1963 29.1963 29.183 29.183 29.183 38.3742 38.3742 38.3742 18.6109 18.6109 18.6109 28.2844 28.2844 20.5483 20.5483 20.5483 17.1321 17.1321 17.1321 14.0483 14.0483 14.0483 6.97372 6.97372 6.97372 6.97692 6.97692 6.97692 6.97372 6.97372 6.97372
8.65734 14.6711 14.6711 14.6711 14.6778 14.6778 14.6778 15.9141 15.9141 15.9141 15.9141 15.9141 15.9214 15.9214 15.9214 20.7236 20.7236 20.7236 20.7236 20.7236 20.7236 20.7331 20.7331 20.7331 20.7236 20.7236 20.7236 2.86478 2.86478 2.86478 10.5792 10.5792 10.5743 10.5743 10.5743 29.1745 29.1745 29.1745 29.1879 29.1879 29.1879 29.1745 29.1745 29.1745 34.3464 34.3464 34.3464 28.2892 28.2892 28.2892 28.2763 28.2763 28.2763 28.2763 28.2763 15.8412 15.8412 15.8412 15.834 15.834 15.834 15.834 15.834 15.834 6.9749 6.9749 6.9749 6.97171 6.97171 6.97171
8.65734 14.6711 14.6711 14.6711 14.6778 14.6778 14.6778 15.9141 15.9141 15.9141 15.9141 15.9141 15.9214 15.9214 15.9214 20.7236 20.7236 20.7236 20.7236 20.7236 20.7236 20.7331 20.7331 20.7331 20.7236 20.7236 20.7236 2.86478 2.86478 2.86478 10.5792 10.5792 10.5743 10.5743 10.5743 29.1745 29.1745 29.1745 29.1879 29.1879 29.1879 29.1745 29.1745 29.1745 34.3464 34.3464 34.3464 28.2892 28.2892 28.2892 28.2763 28.2763 28.2763 28.2763 28.2763 15.8412 15.8412 15.8412 15.834 15.834 15.834 15.834 15.834 15.834 6.9749 6.9749 6.9749 6.97171 6.97171 6.97171
