Madagascar1218CLEAN/DATA/afpop.txt
ncols         251
nrows         471
xllcorner     43.217484268189
yllcorner     -25.606154098314
cellsize      0.029
NODATA_value  -9999
[rows 155 to 185 of 471, columns 70 to 139 of 251]
3.77905 3.77905 3.84084 3.84084 3.8426 3.8426 -9999 3.8426 3.84084 3.84084 3.84084 3.84084 3.84084 3.84084 3.8426 3.8426 3.8426 6.80738 6.80738 6.80738 6.80738 6.80738 6.80738 6.81049 6.81049 6.80738 6.80738 6.80738 6.80738 6.80738 6.80738 6.81049 6.81049 6.81049 6.80738 6.80738 6.80738 10.0895 10.0895 10.0895 10.0941 10.0941 10.0941 10.0895 10.0895 10.1157 10.1157 10.1157 2.37838 2.37838 2.37838 1.97396 1.97396 1.97396 13.6663 13.6663 13.6663 25.9225 25.9225 25.9225 25.9106 25.9106 20.4994 20.4994 20.4994 15.8785 15.8785 15.8785 9.54545 9.54545
3.77905 3.77905 3.84084 3.84084 3.8426 3.8426 -9999 3.8426 3.84084 3.84084 3.84084 3.84084 3.84084 3.84084 3.8426 3.8426 3.8426 6.80738 6.80738 6.80738 6.80738 6.80738 6.80738 6.81049 6.81049 6.80738 6.80738 6.80738 6.80738 6.80738 6.80738 6.81049 6.81049 6.81049 6.80738 6.80738 6.80738 10.0895 10.0895 10.0895 10.0941 10.0941 10.0941 10.0895 10.0895 10.1157 10.1157 10.1157 2.37838 2.37838 2.37838 1.97396 1.97396 1.97396 13.6663 13.6663 13.6663 25.9225 25.9225 25.9225 25.9106 25.9106 20.4994 20.4994 20.4994 15.8785 15.8785 15.8785 9.54545 9.54545
3.74675 3.74675 3.83919 3.83919 3.84095 3.84095 -9999 3.84095 3.83919 3.83919 3.83919 3.83919 3.83919 3.83919 3.84095 3.84095 3.84095 3.83919 3.83919 3.83919 6.73396 6.73396 6.73396 6.73705 6.73705 6.73396 6.73396 6.73396 7.15928 7.15928 7.15928 10.0898 10.0898 10.0898 10.0852 10.0852 10.0852 10.0852 10.0852 10.0852 10.0898 10.0898 10.0898 1.97311 1.97311 1.97311 1.97311 1.97311 4.43918 4.43918 4.43918 2.39985 2.39985 2.39985 25.8995 25.8995 25.8995 23.9737 23.9737 23.9737 22.7154 22.7154 22.7154 22.7154 22.7154 22.7258 22.7258 22.7258 9.54134 9.54134
3.74675 3.74675 3.83919 3.83919 3.84095 3.84095 -9999 3.84095 3.83919 3.83919 3.83919 3.83919 3.83919 3.83919 3.84095 3.84095 3.84095 3.83919 3.83919 3.83919 6.73396 6.73396 6.73396 6.73705 6.73705 6.73396 6.73396 6.73396 7.15928 7.15928 7.15928 10.0898 10.0898 10.0898 10.0852 10.0852 10.0852 10.0852 10.0852 10.0852 10.0898 10.0898 10.0898 1.97311 1.97311 1.97311 1.97311 1.97311 4.43918 4.43918 4.43918 2.39985 2.39985 2.39985 25.8995 25.8995 25.8995 23.9737 23.9737 23.9737 22.7154 22.7154 22.7154 22.7154 22.7154 22.7258 22.7258 22.7258 9.54134 9.54134
3.74675 3.74675 3.83919 3.83919 3.84095 3.84095 -9999 3.84095 3.83919 3.83919 3.83919 3.83919 3.83919 3.83919 3.84095 3.84095 3.84095 3.83919 3.83919 3.83919 6.73396 6.73396 6.73396 6.73705 6.73705 6.73396 6.73396 6.73396 7.15928 7.15928 7.15928 10.0898 10.0898 10.0898 10.0852 10.0852 10.0852 10.0852 10.0852 10.0852 10.0898 10.0898 10.0898 1.97311 1.97311 1.97311 1.97311 1.97311 4.43918 4.43918 4.43918 2.39985 2.39985 2.39985 25.8995 25.8995 25.8995 23.9737 23.9737 23.9737 22.7154 22.7154 22.7154 22.7154 22.7154 22.7258 22.7258 22.7258 9.54134 9.54134
3.81411 3.81411 3.83753 3.83753 3.83928 3.83928 -9999 3.83928 3.83753 3.83753 3.83753 3.83753 3.83753 3.83753 3.83928 3.83928 3.83928 4.49423 4.49423 4.49423 6.73105 6.73105 6.73105 6.73413 6.73413 6.73105 6.73105 6.73105 10.0808 10.0808 10.0808 10.0854 10.0854 10.0854 10.0808 10.0808 10.0808 10.0808 10.0808 10.0808 1.97316 1.97316 1.97316 1.97226 1.97226 1.97226 1.97226 1.97226 10.9651 10.9651 10.9651 10.9601 10.9601 10.9601 25.8883 25.8883 25.8883 23.0593 23.0593 23.0593 4.28709 4.28709 4.28709 4.28709 4.28709 4.28905 4.28905 4.28905 22.7056 22.7056
3.81411 3.81411 3.83753 3.83753 3.83928 3.83928 -9999 3.83928 3.83753 3.83753 3.83753 3.83753 3.83753 3.83753 3.83928 3.83928 3.83928 4.49423 4.49423 4.49423 6.73105 6.73105 6.73105 6.73413 6.73413 6.73105 6.73105 6.73105 10.0808 10.0808 10.0808 10.0854 10.0854 10.0854 10.0808 10.0808 10.0808 10.0808 10.0808 10.0808 1.97316 1.97316 1.97316 1.97226 1.97226 1.97226 1.97226 1.97226 10.9651 10.9651 10.9651 10.9601 10.9601 10.9601 25.8883 25.8883 25.8883 23.0593 23.0593 23.0593 4.28709 4.28709 4.28709 4.28709 4.28709 4.28905 4.28905 4.28905 22.7056 22.7056
3.35978 3.35978 3.83586 3.83586 3.83761 3.83761 -9999 3.83761 3.83586 3.83586 3.83586 3.83586 3.83586 3.83586 3.83761 3.83761 3.83761 6.72812 6.72812 6.72812 6.72812 6.72812 6.72812 4.68311 4.68311 10.0764 10.0764 10.0764 10.0764 10.0764 10.0764 10.081 10.081 10.081 10.0764 10.0764 10.0764 1.87915 1.87915 1.87915 1.9723 1.9723 1.9723 1.9714 1.9714 1.9714 1.9714 1.9714 10.9603 10.9603 10.9603 10.9553 10.9553 10.9553 10.9553 10.9553 10.9553 8.5891 8.5891 8.5891 4.28522 4.28522 4.28522 4.28522 4.28522 4.28718 4.28718 4.28718 4.28522 4.28522
3.35978 3.35978 3.83586 3.83586 3.83761 3.83761 -9999 3.83761 3.83586 3.83586 3.83586 3.83586 3.83586 3.83586 3.83761 3.83761 3.83761 6.72812 6.72812 6.72812 6.72812 6.72812 6.72812 4.68311 4.68311 10.0764 10.0764 10.0764 10.0764 10.0764 10.0764 10.081 10.081 10.081 10.0764 10.0764 10.0764 1.87915 1.87915 1.87915 1.9723 1.9723 1.9723 1.9714 1.9714 1.9714 1.9714 1.9714 10.9603 10.9603 10.9603 10.9553 10.9553 10.9553 10.9553 10.9553 10.9553 8.5891 8.5891 8.5891 4.28522 4.28522 4.28522 4.28522 4.28522 4.28718 4.28718 4.28718 4.28522 4.28522
3.35978 3.35978 3.83586 3.83586 3.83761 3.83761 -9999 3.83761 3.83586 3.83586 3.83586 3.83586 3.83586 3.83586 3.83761 3.83761 3.83761 6.72812 6.72812 6.72812 6.72812 6.72812 6.72812 4.68311 4.68311 10.0764 10.0764 10.0764 10.0764 10.0764 10.0764 10.081 10.081 10.081 10.0764 10.0764 10.0764 1.87915 1.87915 1.87915 1.9723 1.9723 1.9723 1.9714 1.9714 1.9714 1.9714 1.9714 10.9603 10.9603 10.9603 10.9553 10.9553 10.9553 10.9553 10.9553 10.9553 8.5891 8.5891 8.5891 4.28522 4.28522 4.28522 4.28522 4.28522 4.28718 4.28718 4.28718 4.28522 4.28522
3.35831 3.35831 3.83418 3.83418 3.83593 3.83593 -9999 3.83593 3.83418 3.83418 3.83418 3.83418 3.83418 3.83418 3.83593 3.83593 3.83593 6.72517 6.72517 6.72517 6.72517 6.72517 6.72517 1.87919 1.87919 10.072 10.072 10.072 10.072 10.072 10.072 6.46587 6.46587 6.46587 1.87833 1.87833 1.87833 1.87833 1.87833 1.87833 1.87919 1.87919 1.87919 1.87833 1.87833 1.97054 1.97054 1.97054 10.9555 10.9555 10.9555 10.9505 10.9505 10.9505 23.0286 23.0286 23.0286 23.0392 23.0392 23.0392 23.0286 23.0286 4.28335 4.28335 4.28335 4.28531 4.28531 4.28531 4.28335 4.28335
3.35831 3.35831 3.83418 3.83418 3.83593 3.83593 -9999 3.83593 3.83418 3.83418 3.83418 3.83418 3.83418 3.83418 3.83593 3.83593 3.83593 6.72517 6.72517 6.72517 6.72517 6.72517 6.72517 1.87919 1.87919 10.072 10.072 10.072 10.072 10.072 10.072 6.46587 6.46587 6.46587 1.87833 1.87833 1.87833 1.87833 1.87833 1.87833 1.87919 1.87919 1.87919 1.87833 1.87833 1.97054 1.97054 1.97054 10.9555 10.9555 10.9555 10.9505 10.9505 10.9505 23.0286 23.0286 23.0286 23.0392 23.0392 23.0392 23.0286 23.0286 4.28335 4.28335 4.28335 4.28531 4.28531 4.28531 4.28335 4.28335
3.35831 3.35831 3.83418 3.83418 3.83593 3.83593 -9999 3.83593 3.83418 3.83418 3.83418 3.83418 3.83418 3.83418 3.83593 3.83593 3.83593 6.72517 6.72517 6.72517 6.72517 6.72517 6.72517 1.87919 1.87919 10.072 10.072 10.072 10.072 10.072 10.072 6.46587 6.46587 6.46587 1.87833 1.87833 1.87833 1.87833 1.87833 1.87833 1.87919 1.87919 1.87919 1.87833 1.87833 1.97054 1.97054 1.97054 10.9555 10.9555 10.9555 10.9505 10.9505 10.9505 23.0286 23.0286 23.0286 23.0392 23.0392 23.0392 23.0286 23.0286 4.28335 4.28335 4.28335 4.28531 4.28531 4.28531 4.28335 4.28335
3.35683 3.35683 3.35683 3.35683 2.77588 2.77588 -9999 2.77588 3.83249 3.83249 3.83249 3.83249 3.83249 3.83249 3.83424 3.83424 3.83424 6.72221 6.72221 6.72221 6.72221 6.72221 6.72221 1.87836 1.87836 1.8775 1.8775 1.8775 1.8775 1.8775 1.8775 1.87836 1.87836 1.87836 1.8775 1.8775 1.8775 1.8775 1.8775 1.8775 1.87836 1.87836 1.87836 1.8775 1.8775 3.17529 3.17529 3.17529 10.9507 10.9507 10.9507 10.9457 10.9457 10.9457 3.38155 3.38155 3.38155 13.9671 13.9671 13.9671 4.28146 4.28146 4.28146 4.28146 4.28146 4.28342 4.28342 4.28342 4.28146 4.28146
3.35683 3.35683 3.35683 3.35683 2.77588 2.77588 -9999 2.77588 3.83249 3.83249 3.83249 3.83249 3.83249 3.83249 3.83424 3.83424 3.83424 6.72221 6.72221 6.72221 6.72221 6.72221 6.72221 1.87836 1.87836 1.8775 1.8775 1.8775 1.8775 1.8775 1.8775 1.87836 1.87836 1.87836 1.8775 1.8775 1.8775 1.8775 1.8775 1.8775 1.87836 1.87836 1.87836 1.8775 1.8775 3.17529 3.17529 3.17529 10.9507 10.9507 10.9507 10.9457 10.9457 10.9457 3.38155 3.38155 3.38155 13.9671 13.9671 13.9671 4.28146 4.28146 4.28146 4.28146 4.28146 4.28342 4.28342 4.28342 4.28146 4.28146
3.35683 3.35683 3.35683 3.35683 2.77588 2.77588 -9999 2.77588 3.83249 3.83249 3.83249 3.83249 3.83249 3.83249 3.83424 3.83424 3.83424 6.72221 6.72221 6.72221 6.72221 6.72221 6.72221 1.87836 1.87836 1.8775 1.8775 1.8775 1.8775 1.8775 1.8775 1.87836 1.87836 1.87836 1.8775 1.8775 1.8775 1.8775 1.8775 1.8775 1.87836 1.87836 1.87836 1.8775 1.8775 3.17529 3.17529 3.17529 10.9507 10.9507 10.9507 10.9457 10.9457 10.9457 3.38155 3.38155 3.38155 13.9671 13.9671 13.9671 4.28146 4.28146 4.28146 4.28146 4.28146 4.28342 4.28342 4.28342 4.28146 4.28146
3.35535 3.35535 3.35535 3.35535 1.97996 1.97996 -9999 1.97996 1.97906 1.97906 1.97906 1.29151 1.29151 1.29151 1.29211 1.29211 1.29211 6.71924 6.71924 6.71924 6.71924 6.71924 6.71924 1.87753 1.87753 1.87667 1.87667 1.87667 1.87667 1.87667 1.87667 1.87753 1.87753 1.87753 1.87667 1.87667 1.87667 1.87667 1.87667 1.87667 1.87753 1.87753 1.87753 6.97178 6.97178 13.9515 13.9515 13.9515 13.9578 13.9578 13.9578 13.9515 13.9515 13.9515 230.119 230.119 230.119 13.9609 13.9609 13.9609 4.27957 4.27957 4.27957 4.27957 4.27957 4.28153 4.28153 4.28153 4.07731 4.07731
3.35535 3.35535 3.35535 3.35535 1.97996 1.97996 -9999 1.97996 1.97906 1.97906 1.97906 1.29151 1.29151 1.29151 1.29211 1.29211 1.29211 6.71924 6.71924 6.71924 6.71924 6.71924 6.71924 1.87753 1.87753 1.87667 1.87667 1.87667 1.87667 1.87667 1.87667 1.87753 1.87753 1.87753 1.87667 1.87667 1.87667 1.87667 1.87667 1.87667 1.87753 1.87753 1.87753 6.97178 6.97178 13.9515 13.9515 13.9515 13.9578 13.9578 13.9578 13.9515 13.9515 13.9515 230.119 230.119 230.119 13.9609 13.9609 13.9609 4.27957 4.27957 4.27957 4.27957 4.27957 4.28153 4.28153 4.28153 4.07731 4.07731
3.35535 3.35535 3.35535 3.35535 1.97996 1.97996 -9999 1.97996 1.97906 1.97906 1.97906 1.29151 1.29151 1.29151 1.29211 1.29211 1.29211 6.71924 6.71924 6.71924 6.71924 6.71924 6.71924 1.87753 1.87753 1.87667 1.87667 1.87667 1.87667 1.87667 1.87667 1.87753 1.87753 1.87753 1.87667 1.87667 1.87667 1.87667 1.87667 1.87667 1.87753 1.87753 1.87753 6.97178 6.97178 13.9515 13.9515 13.9515 13.9578 13.9578 13.9578 13.9515 13.9515 13.9515 230.119 230.119 230.119 13.9609 13.9609 13.9609 4.27957 4.27957 4.27957 4.27957 4.27957 4.28153 4.28153 4.28153 4.07731 4.07731
3.35385 3.35385 1.97818 1.97818 1.97908 1.97908 -9999 1.97908 1.29094 1.29094 1.29094 1.29094 1.29094 1.29094 1.29153 1.29153 1.29153 1.29094 1.29094 1.29094 1.29094 1.29094 1.29094 1.29153 1.29153 1.03283 1.03283 1.03283 1.87584 1.87584 1.87584 1.8767 1.8767 1.8767 1.87584 1.87584 1.87584 1.87584 1.87584 1.87584 4.63709 4.63709 4.63709 4.93435 4.93435 6.96869 6.96869 6.96869 6.97188 6.97188 6.97188 6.79796 6.79796 6.79796 13.9483 13.9483 13.9483 13.9547 13.9547 13.9547 13.9483 13.9483 13.9483 13.9483 13.9483 2.48268 2.48268 2.48268 2.48155 2.48155
3.35385 3.35385 1.97818 1.97818 1.97908 1.97908 -9999 1.97908 1.29094 1.29094 1.29094 1.29094 1.29094 1.29094 1.29153 1.29153 1.29153 1.29094 1.29094 1.29094 1.29094 1.29094 1.29094 1.29153 1.29153 1.03283 1.03283 1.03283 1.87584 1.87584 1.87584 1.8767 1.8767 1.8767 1.87584 1.87584 1.87584 1.87584 1.87584 1.87584 4.63709 4.63709 4.63709 4.93435 4.93435 6.96869 6.96869 6.96869 6.97188 6.97188 6.97188 6.79796 6.79796 6.79796 13.9483 13.9483 13.9483 13.9547 13.9547 13.9547 13.9483 13.9483 13.9483 13.9483 13.9483 2.48268 2.48268 2.48268 2.48155 2.48155
3.35385 3.35385 1.97818 1.97818 1.97908 1.97908 -9999 1.97908 1.29094 1.29094 1.29094 1.29094 1.29094 1.29094 1.29153 1.29153 1.29153 1.29094 1.29094 1.29094 1.29094 1.29094 1.29094 1.29153 1.29153 1.03283 1.03283 1.03283 1.87584 1.87584 1.87584 1.8767 1.8767 1.8767 1.87584 1.87584 1.87584 1.87584 1.87584 1.87584 4.63709 4.63709 4.63709 4.93435 4.93435 6.96869 6.96869 6.96869 6.97188 6.97188 6.97188 6.79796 6.79796 6.79796 13.9483 13.9483 13.9483 13.9547 13.9547 13.9547 13.9483 13.9483 13.9483 13.9483 13.9483 2.48268 2.48268 2.48268 2.48155 2.48155
3.35235 3.35235 1.97729 1.97729 1.9782 1.9782 -9999 1.9782 1.29036 1.29036 1.29036 1.29036 1.29036 1.29036 1.29095 1.29095 1.29095 1.29036 1.29036 1.29036 1.29036 1.29036 1.29036 1.29095 1.29095 0.730179 0.730179 0.730179 1.95473 1.95473 1.95473 1.87586 1.87586 1.87586 1.875 1.875 1.875 4.6329 4.6329 4.6329 4.63502 4.63502 4.63502 4.6329 4.6329 4.63311 4.63311 4.63311 6.96876 6.96876 6.96876 6.96557 6.96557 6.96557 6.96557 6.96557 6.96557 11.3784 11.3784 11.3784 4.42668 4.42668 2.48044 2.48044 2.48044 2.48157 2.48157 2.48157 2.48044 2.48044
3.35235 3.35235 1.97729 1.97729 1.9782 1.9782 -9999 1.9782 1.29036 1.29036 1.29036 1.29036 1.29036 1.29036 1.29095 1.29095 1.29095 1.29036 1.29036 1.29036 1.29036 1.29036 1.29036 1.29095 1.29095 0.730179 0.730179 0.730179 1.95473 1.95473 1.95473 1.87586 1.87586 1.87586 1.875 1.875 1.875 4.6329 4.6329 4.6329 4.63502 4.63502 4.63502 4.6329 4.6329 4.63311 4.63311 4.63311 6.96876 6.96876 6.96876 6.96557 6.96557 6.96557 6.96557 6.96557 6.96557 11.3784 11.3784 11.3784 4.42668 4.42668 2.48044 2.48044 2.48044 2.48157 2.48157 2.48157 2.48044 2.48044
3.35235 3.35235 1.97729 1.97729 1.9782 1.9782 -9999 1.9782 1.29036 1.29036 1.29036 1.29036 1.29036 1.29036 1.29095 1.29095 1.29095 1.29036 1.29036 1.29036 1.29036 1.29036 1.29036 1.29095 1.29095 0.730179 0.730179 0.730179 1.95473 1.95473 1.95473 1.87586 1.87586 1.87586 1.875 1.875 1.875 4.6329 4.6329 4.6329 4.63502 4.63502 4.63502 4.6329 4.6329 4.63311 4.63311 4.63311 6.96876 6.96876 6.96876 6.96557 6.96557 6.96557 6.96557 6.96557 6.96557 11.3784 11.3784 11.3784 4.42668 4.42668 2.48044 2.48044 2.48044 2.48157 2.48157 2.48157 2.48044 2.48044
3.35085 3.35085 1.9764 1.9764 1.97731 1.97731 -9999 1.97731 1.60959 1.60959 1.60959 1.28978 1.28978 1.28978 1.29037 1.29037 1.29037 1.28978 1.28978 1.28978 1.28978 1.28978 1.28978 1.29037 1.29037 1.28978 1.28978 1.28978 1.68883 1.68883 1.68883 1.96708 1.96708 1.96708 1.87416 1.87416 1.87416 5.22782 5.22782 5.22782 5.23021 5.23021 5.23021 4.63082 4.63082 4.63082 4.63082 4.63082 4.63294 4.63294 4.63294 6.96244 6.96244 6.96244 6.96244 6.96244 6.96244 4.42672 4.42672 4.42672 4.4247 4.4247 4.4247 4.4247 4.4247 2.48046 2.48046 2.48046 2.47932 2.47932
3.35085 3.35085 1.9764 1.9764 1.97731 1.97731 -9999 1.97731 1.60959 1.60959 1.60959 1.28978 1.28978 1.28978 1.29037 1.29037 1.29037 1.28978 1.28978 1.28978 1.28978 1.28978 1.28978 1.29037 1.29037 1.28978 1.28978 1.28978 1.68883 1.68883 1.68883 1.96708 1.96708 1.96708 1.87416 1.87416 1.87416 5.22782 5.22782 5.22782 5.23021 5.23021 5.23021 4.63082 4.63082 4.63082 4.63082 4.63082 4.63294 4.63294 4.63294 6.96244 6.96244 6.96244 6.96244 6.96244 6.96244 4.42672 4.42672 4.42672 4.4247 4.4247 4.4247 4.4247 4.4247 2.48046 2.48046 2.48046 2.47932 2.47932
1.97551 1.97551 1.97551 1.97551 1.97642 1.97642 -9999 1.97642 1.97551 1.97551 1.97551 1.96529 1.96529 1.96529 1.96619 1.96619 1.96619 1.96529 1.96529 1.96529 1.96529 1.96529 1.96529 1.96619 1.96619 1.96529 1.96529 1.96529 1.96529 1.96529 1.96529 1.96619 1.96619 1.96619 4.66308 4.66308 4.66308 5.22546 5.22546 5.22546 5.22785 5.22785 5.22785 5.22546 5.22546 4.62873 4.62873 4.62873 4.63085 4.63085 4.63085 4.62873 4.62873 4.62873 6.9593 6.9593 6.9593 4.42472 4.42472 4.42472 4.4227 4.4227 4.4227 4.4227 4.4227 4.42472 4.42472 4.42472 2.4782 2.4782
1.97551 1.97551 1.97551 1.97551 1.97642 1.97642 -9999 1.97642 1.97551 1.97551 1.97551 1.96529 1.96529 1.96529 1.96619 1.96619 1.96619 1.96529 1.96529 1.96529 1.96529 1.96529 1.96529 1.96619 1.96619 1.96529 1.96529 1.96529 1.96529 1.96529 1.96529 1.96619 1.96619 1.96619 4.66308 4.66308 4.66308 5.22546 5.22546 5.22546 5.22785 5.22785 5.22785 5.22546 5.22546 4.62873 4.62873 4.62873 4.63085 4.63085 4.63085 4.62873 4.62873 4.62873 6.9593 6.9593 6.9593 4.42472 4.42472 4.42472 4.4227 4.4227 4.4227 4.4227 4.4227 4.42472 4.42472 4.42472 2.4782 2.4782
1.97551 1.97551 1.97551 1.97551 1.97642 1.97642 -9999 1.97642 1.97551 1.97551 1.97551 1.96529 1.96529 1.96529 1.96619 1.96619 1.96619 1.96529 1.96529 1.96529 1.96529 1.96529 1.96529 1.96619 1.96619 1.96529 1.96529 1.96529 1.96529 1.96529 1.96529 1.96619 1.96619 1.96619 4.66308 4.66308 4.66308 5.22546 5.22546 5.22546 5.22785 5.22785 5.22785 5.22546 5.22546 4.62873 4.62873 4.62873 4.63085 4.63085 4.63085 4.62873 4.62873 4.62873 6.9593 6.9593 6.9593 4.42472 4.42472 4.42472 4.4227 4.4227 4.4227 4.4227 4.4227 4.42472 4.42472 4.42472 2.4782 2.4782
1.97462 1.97462 1.97462 1.97462 1.97552 1.97552 -9999 1.97552 4.53369 4.53369 4.53369 1.9644 1.9644 1.9644 1.9653 1.9653 1.9653 1.9644 1.9644 1.9644 1.9644 1.9644 1.9644 1.9653 1.9653 1.9644 1.9644 1.9644 0.257186 0.257186 0.257186 1.9653 1.9653 1.9653 5.22309 5.22309 5.22309 5.22309 5.22309 5.22309 5.22548 5.22548 5.22548 5.22309 5.22309 4.62663 4.62663 4.62663 4.62875 4.62875 4.62875 4.62663 4.62663 4.62663 4.61707 4.61707 4.61707 4.42271 4.42271 4.42271 4.42069 4.42069 4.42069 4.42069 4.42069 4.42271 4.42271 4.42271 10.1477 10.1477
