Madagascar1218CLEAN/DATA/afpop.txt
ncols         251
nrows         471
xllcorner     43.217484268189
yllcorner     -25.606154098314
cellsize      0.029
NODATA_value  -9999
[rows 279 to 309 of 471, columns 140 to 209 of 251]
20.6859 75.681 75.681 75.681 34.4035 34.4035 34.4035 34.3878 34.3878 34.3878 34.3878 34.3878 15.9836 15.9836 15.9836 15.9763 15.9763 15.9763 15.9763 15.9763 15.9763 26.1812 26.1812 26.1812 26.1692 26.1692 26.1692 137.229 137.229 137.229 17.9918 17.9918 26.254 26.254 26.254 26.254 26.254 26.254 26.266 26.266 26.266 31.9146 31.9146 31.9146 43.0831 43.0831 43.0831 1.93436 1.93436 1.93436 1.93348 -9999 -9999 -9999 -9999 -9999 -9999 -9999 -9999 -9999 -9999 -9999 -9999 -9999 -9999 -9999 -9999 -9999 -9999 -9999
75.6407 75.6407 75.6407 75.6407 1.93444 1.93444 1.93444 54.1332 54.1332 54.1332 54.1332 54.1332 37.7547 37.7547 37.7547 15.9678 15.9678 15.9678 22.1395 22.1395 22.1395 1.93167 1.93167 1.93167 1.93079 1.93079 1.93079 1.93079 1.93079 1.93079 26.252 26.252 26.24 26.24 26.24 26.24 26.24 26.24 28.7775 28.7775 28.7775 28.7643 28.7643 28.7643 28.7643 28.7643 28.7643 1.93334 1.93334 1.93334 0 -9999 -9999 -9999 -9999 -9999 -9999 -9999 -9999 -9999 -9999 -9999 -9999 -9999 -9999 -9999 -9999 -9999 -9999 -9999
75.6407 75.6407 75.6407 75.6407 1.93444 1.93444 1.93444 54.1332 54.1332 54.1332 54.1332 54.1332 37.7547 37.7547 37.7547 15.9678 15.9678 15.9678 22.1395 22.1395 22.1395 1.93167 1.93167 1.93167 1.93079 1.93079 1.93079 1.93079 1.93079 1.93079 26.252 26.252 26.24 26.24 26.24 26.24 26.24 26.24 28.7775 28.7775 28.7775 28.7643 28.7643 28.7643 28.7643 28.7643 28.7643 1.93334 1.93334 1.93334 -9999 -9999 -9999 -9999 -9999 -9999 -9999 -9999 -9999 -9999 -9999 -9999 -9999 -9999 -9999 -9999 -9999 -9999 -9999 -9999
75.6407 75.6407 75.6407 75.6407 1.93444 1.93444 1.93444 54.1332 54.1332 54.1332 54.1332 54.1332 37.7547 37.7547 37.7547 15.9678 15.9678 15.9678 22.1395 22.1395 22.1395 1.93167 1.93167 1.93167 1.93079 1.93079 1.93079 1.93079 1.93079 1.93079 26.252 26.252 26.24 26.24 26.24 26.24 26.24 26.24 28.7775 28.7775 28.7775 28.7643 28.7643 28.7643 28.7643 28.7643 28.7643 1.93334 1.93334 1.93334 -9999 -9999 -9999 -9999 -9999 -9999 -9999 -9999 -9999 -9999 -9999 -9999 -9999 -9999 -9999 -9999 -9999 -9999 -9999 -9999
112.47 120.331 120.331 120.331 1.93341 1.93341 1.93341 54.1043 54.1043 54.1043 54.1043 54.1043 19.6629 19.6629 19.6629 22.1277 22.1277 22.1277 22.1277 22.1277 22.1277 22.1378 22.1378 22.1378 24.9672 24.9672 24.9672 1.92976 1.92976 1.92976 30.8228 30.8228 30.8087 30.8087 30.8087 30.8087 30.8087 30.8087 28.7621 28.7621 28.7621 28.7489 28.7489 28.7489 28.7489 28.7489 28.7489 0.245267 0.245267 -9999 -9999 -9999 -9999 -9999 -9999 -9999 -9999 -9999 -9999 -9999 -9999 -9999 -9999 -9999 -9999 -9999 -9999 -9999 -9999 -9999
112.47 120.331 120.331 120.331 1.93341 1.93341 1.93341 54.1043 54.1043 54.1043 54.1043 54.1043 19.6629 19.6629 19.6629 22.1277 22.1277 22.1277 22.1277 22.1277 22.1277 22.1378 22.1378 22.1378 24.9672 24.9672 24.9672 1.92976 1.92976 1.92976 30.8228 30.8228 30.8087 30.8087 30.8087 30.8087 30.8087 30.8087 28.7621 28.7621 28.7621 28.7489 28.7489 28.7489 28.7489 28.7489 28.7489 0.245267 -9999 -9999 -9999 -9999 -9999 -9999 -9999 -9999 -9999 -9999 -9999 -9999 -9999 -9999 -9999 -9999 -9999 -9999 -9999 -9999 -9999 -9999
112.47 120.331 120.331 120.331 1.93341 1.93341 1.93341 54.1043 54.1043 54.1043 54.1043 54.1043 19.6629 19.6629 19.6629 22.1277 22.1277 22.1277 22.1277 22.1277 22.1277 22.1378 22.1378 22.1378 24.9672 24.9672 24.9672 1.92976 1.92976 1.92976 30.8228 30.8228 30.8087 30.8087 30.8087 30.8087 30.8087 30.8087 28.7621 28.7621 28.7621 28.7489 28.7489 28.7489 28.7489 28.7489 28.7489 0.245267 -9999 -9999 -9999 -9999 -9999 -9999 -9999 -9999 -9999 -9999 -9999 -9999 -9999 -9999 -9999 -9999 -9999 -9999 -9999 -9999 -9999 -9999
120.266 1.93149 1.93149 1.93149 25.6698 25.6698 25.6698 26.4385 26.4385 26.4385 26.4385 26.4385 19.6523 19.6523 19.6523 19.6433 19.6433 19.6433 19.6433 19.6433 19.6433 22.1259 22.1259 22.1259 29.1936 29.1936 29.1936 29.1936 29.1936 29.1936 30.8062 30.8062 30.7921 30.7921 30.7921 30.7921 30.7921 30.7921 28.7466 28.7466 28.7466 28.7335 28.7335 28.7335 28.7335 28.7335 28.7335 0 -9999 -9999 -9999 -9999 -9999 -9999 -9999 -9999 -9999 -9999 -9999 -9999 -9999 -9999 -9999 -9999 -9999 -9999 -9999 -9999 -9999 -9999
120.266 1.93149 1.93149 1.93149 25.6698 25.6698 25.6698 26.4385 26.4385 26.4385 26.4385 26.4385 19.6523 19.6523 19.6523 19.6433 19.6433 19.6433 19.6433 19.6433 19.6433 22.1259 22.1259 22.1259 29.1936 29.1936 29.1936 29.1936 29.1936 29.1936 30.8062 30.8062 30.7921 30.7921 30.7921 30.7921 30.7921 30.7921 28.7466 28.7466 28.7466 28.7335 28.7335 28.7335 28.7335 28.7335 28.7335 -9999 -9999 -9999 -9999 -9999 -9999 -9999 -9999 -9999 -9999 -9999 -9999 -9999 -9999 -9999 -9999 -9999 -9999 -9999 -9999 -9999 -9999 -9999
120.266 1.93149 1.93149 1.93149 25.6698 25.6698 25.6698 26.4385 26.4385 26.4385 26.4385 26.4385 19.6523 19.6523 19.6523 19.6433 19.6433 19.6433 19.6433 19.6433 19.6433 22.1259 22.1259 22.1259 29.1936 29.1936 29.1936 29.1936 29.1936 29.1936 30.8062 30.8062 30.7921 30.7921 30.7921 30.7921 30.7921 30.7921 28.7466 28.7466 28.7466 28.7335 28.7335 28.7335 28.7335 28.7335 28.7335 -9999 -9999 -9999 -9999 -9999 -9999 -9999 -9999 -9999 -9999 -9999 -9999 -9999 -9999 -9999 -9999 -9999 -9999 -9999 -9999 -9999 -9999 -9999
130.32 43.2987 43.2987 43.2987 69.1955 69.1955 69.1955 43.2987 43.2987 43.2987 43.2987 43.2987 19.6417 19.6417 19.6417 19.6328 19.6328 19.6328 19.6328 19.6328 19.6328 19.6417 19.6417 19.6417 29.1779 29.1779 29.1779 17.1321 17.1321 17.1321 39.0894 39.0894 39.0716 39.0716 39.0716 31.6233 31.6233 31.6233 51.6645 51.6645 51.6645 51.6408 51.6408 51.6408 50.8364 50.8364 -9999 -9999 -9999 -9999 -9999 -9999 -9999 -9999 -9999 -9999 -9999 -9999 -9999 -9999 -9999 -9999 -9999 -9999 -9999 -9999 -9999 -9999 -9999 -9999
130.32 43.2987 43.2987 43.2987 69.1955 69.1955 69.1955 43.2987 43.2987 43.2987 43.2987 43.2987 19.6417 19.6417 19.6417 19.6328 19.6328 19.6328 19.6328 19.6328 19.6328 19.6417 19.6417 19.6417 29.1779 29.1779 29.1779 17.1321 17.1321 17.1321 39.0894 39.0894 39.0716 39.0716 39.0716 31.6233 31.6233 31.6233 51.6645 51.6645 51.6645 51.6408 51.6408 51.6408 50.8364 50.8364 -9999 -9999 -9999 -9999 -9999 -9999 -9999 -9999 -9999 -9999 -9999 -9999 -9999 -9999 -9999 -9999 -9999 -9999 -9999 -9999 -9999 -9999 -9999 -9999
130.32 43.2987 43.2987 43.2987 69.1955 69.1955 69.1955 43.2987 43.2987 43.2987 43.2987 43.2987 19.6417 19.6417 19.6417 19.6328 19.6328 19.6328 19.6328 19.6328 19.6328 19.6417 19.6417 19.6417 29.1779 29.1779 29.1779 17.1321 17.1321 17.1321 39.0894 39.0894 39.0716 39.0716 39.0716 31.6233 31.6233 31.6233 51.6645 51.6645 51.6645 51.6408 51.6408 51.6408 50.8364 50.8364 -9999 -9999 -9999 -9999 -9999 -9999 -9999 -9999 -9999 -9999 -9999 -9999 -9999 -9999 -9999 -9999 -9999 -9999 -9999 -9999 -9999 -9999 -9999 -9999
128.276 23.5247 23.5247 23.5247 23.5355 23.5355 23.5355 23.5247 23.5247 23.5247 111.56 111.56 40.4444 40.4444 40.4444 19.6221 19.6221 19.6221 19.6221 19.6221 19.6221 19.6311 19.6311 19.6311 29.1621 29.1621 29.1621 17.1228 17.1228 17.1228 39.0683 39.0683 39.0504 39.0504 39.0504 31.6062 31.6062 31.6062 31.6206 31.6206 31.6206 31.6062 31.6062 31.6062 0 -9999 -9999 -9999 -9999 -9999 -9999 -9999 -9999 -9999 -9999 -9999 -9999 -9999 -9999 -9999 -9999 -9999 -9999 -9999 -9999 -9999 -9999 -9999 -9999 -9999
128.276 23.5247 23.5247 23.5247 23.5355 23.5355 23.5355 23.5247 23.5247 23.5247 111.56 111.56 40.4444 40.4444 40.4444 19.6221 19.6221 19.6221 19.6221 19.6221 19.6221 19.6311 19.6311 19.6311 29.1621 29.1621 29.1621 17.1228 17.1228 17.1228 39.0683 39.0683 39.0504 39.0504 39.0504 31.6062 31.6062 31.6062 31.6206 31.6206 31.6206 31.6062 31.6062 31.6062 0 -9999 -9999 -9999 -9999 -9999 -9999 -9999 -9999 -9999 -9999 -9999 -9999 -9999 -9999 -9999 -9999 -9999 -9999 -9999 -9999 -9999 -9999 -9999 -9999 -9999
128.276 23.5247 23.5247 23.5247 23.5355 23.5355 23.5355 23.5247 23.5247 23.5247 111.56 111.56 40.4444 40.4444 40.4444 19.6221 19.6221 19.6221 19.6221 19.6221 19.6221 19.6311 19.6311 19.6311 29.1621 29.1621 29.1621 17.1228 17.1228 17.1228 39.0683 39.0683 39.0504 39.0504 39.0504 31.6062 31.6062 31.6062 31.6206 31.6206 31.6206 31.6062 31.6062 31.6062 0 -9999 -9999 -9999 -9999 -9999 -9999 -9999 -9999 -9999 -9999 -9999 -9999 -9999 -9999 -9999 -9999 -9999 -9999 -9999 -9999 -9999 -9999 -9999 -9999 -9999
39.0608 18.8458 18.8458 18.8458 18.8544 18.8544 18.8544 61.9227 61.9227 61.9227 30.2161 30.2161 47.3194 47.3194 47.3194 17.1001 17.1001 17.1001 17.1001 17.1001 17.1001 17.108 17.108 17.108 17.1001 17.1001 17.1001 17.1135 17.1135 17.1135 17.1213 17.1213 36.5229 36.5229 36.5229 31.589 31.589 31.589 31.6034 31.6034 31.6034 6.28765 6.28765 6.28765 -9999 -9999 -9999 -9999 -9999 -9999 -9999 -9999 -9999 -9999 -9999 -9999 -9999 -9999 -9999 -9999 -9999 -9999 -9999 -9999 -9999 -9999 -9999 -9999 -9999 -9999
39.0608 18.8458 18.8458 18.8458 18.8544 18.8544 18.8544 61.9227 61.9227 61.9227 30.2161 30.2161 47.3194 47.3194 47.3194 17.1001 17.1001 17.1001 17.1001 17.1001 17.1001 17.108 17.108 17.108 17.1001 17.1001 17.1001 17.1135 17.1135 17.1135 17.1213 17.1213 36.5229 36.5229 36.5229 31.589 31.589 31.589 31.6034 31.6034 31.6034 6.28765 6.28765 6.28765 -9999 -9999 -9999 -9999 -9999 -9999 -9999 -9999 -9999 -9999 -9999 -9999 -9999 -9999 -9999 -9999 -9999 -9999 -9999 -9999 -9999 -9999 -9999 -9999 -9999 -9999
39.0608 18.8458 18.8458 18.8458 18.8544 18.8544 18.8544 61.9227 61.9227 61.9227 30.2161 30.2161 47.3194 47.3194 47.3194 17.1001 17.1001 17.1001 17.1001 17.1001 17.1001 17.108 17.108 17.108 17.1001 17.1001 17.1001 17.1135 17.1135 17.1135 17.1213 17.1213 36.5229 36.5229 36.5229 31.589 31.589 31.589 31.6034 31.6034 31.6034 6.28765 6.28765 6.28765 -9999 -9999 -9999 -9999 -9999 -9999 -9999 -9999 -9999 -9999 -9999 -9999 -9999 -9999 -9999 -9999 -9999 -9999 -9999 -9999 -9999 -9999 -9999 -9999 -9999 -9999
40.7435 39.6524 39.6524 39.6524 39.6706 39.6706 39.6706 48.5609 48.5609 48.5609 24.9787 24.9787 24.9901 24.9901 24.9901 17.1273 17.1273 17.1273 17.0908 17.0908 17.0908 17.0986 17.0986 17.0986 17.0908 17.0908 17.0908 17.1041 17.1041 17.1041 30.1758 30.1758 76.2613 76.2613 76.2613 1.92545 1.92545 1.92545 1.92633 1.92633 1.92633 1.92545 1.92545 -9999 -9999 -9999 -9999 -9999 -9999 -9999 -9999 -9999 -9999 -9999 -9999 -9999 -9999 -9999 -9999 -9999 -9999 -9999 -9999 -9999 -9999 -9999 -9999 -9999 -9999 -9999
40.7435 39.6524 39.6524 39.6524 39.6706 39.6706 39.6706 48.5609 48.5609 48.5609 24.9787 24.9787 24.9901 24.9901 24.9901 17.1273 17.1273 17.1273 17.0908 17.0908 17.0908 17.0986 17.0986 17.0986 17.0908 17.0908 17.0908 17.1041 17.1041 17.1041 30.1758 30.1758 76.2613 76.2613 76.2613 1.92545 1.92545 1.92545 1.92633 1.92633 1.92633 1.92545 1.92545 -9999 -9999 -9999 -9999 -9999 -9999 -9999 -9999 -9999 -9999 -9999 -9999 -9999 -9999 -9999 -9999 -9999 -9999 -9999 -9999 -9999 -9999 -9999 -9999 -9999 -9999 -9999
68.298 68.298 68.298 68.298 68.3293 68.3293 68.3293 48.5342 48.5342 48.5342 37.2025 37.2025 24.9764 24.9764 24.9764 25.9713 25.9713 25.9713 36.5729 36.5729 36.5729 36.5896 36.5896 36.5896 59.4187 59.4187 59.4187 76.2194 76.2194 76.2194 76.2543 76.2543 76.2194 76.2194 76.2194 1.92439 1.92439 1.92439 1.92527 1.92527 1.92527 0.211222 0.211222 -9999 -9999 -9999 -9999 -9999 -9999 -9999 -9999 -9999 -9999 -9999 -9999 -9999 -9999 -9999 -9999 -9999 -9999 -9999 -9999 -9999 -9999 -9999 -9999 -9999 -9999 -9999
68.298 68.298 68.298 68.298 68.3293 68.3293 68.3293 48.5342 48.5342 48.5342 37.2025 37.2025 24.9764 24.9764 24.9764 25.9713 25.9713 25.9713 36.5729 36.5729 36.5729 36.5896 36.5896 36.5896 59.4187 59.4187 59.4187 76.2194 76.2194 76.2194 76.2543 76.2543 76.2194 76.2194 76.2194 1.92439 1.92439 1.92439 1.92527 1.92527 1.92527 0.211222 -9999 -9999 -9999 -9999 -9999 -9999 -9999 -9999 -9999 -9999 -9999 -9999 -9999 -9999 -9999 -9999 -9999 -9999 -9999 -9999 -9999 -9999 -9999 -9999 -9999 -9999 -9999 -9999
68.298 68.298 68.298 68.298 68.3293 68.3293 68.3293 48.5342 48.5342 48.5342 37.2025 37.2025 24.9764 24.9764 24.9764 25.9713 25.9713 25.9713 36.5729 36.5729 36.5729 36.5896 36.5896 36.5896 59.4187 59.4187 59.4187 76.2194 76.2194 76.2194 76.2543 76.2543 76.2194 76.2194 76.2194 1.92439 1.92439 1.92439 1.92527 1.92527 1.92527 0.211222 -9999 -9999 -9999 -9999 -9999 -9999 -9999 -9999 -9999 -9999 -9999 -9999 -9999 -9999 -9999 -9999 -9999 -9999 -9999 -9999 -9999 -9999 -9999 -9999 -9999 -9999 -9999 -9999
18.7587 34.5209 34.5209 34.5209 48.5296 48.5296 48.5296 28.8235 28.8235 28.8235 37.182 37.182 24.9626 24.9626 24.9626 25.9569 25.9569 25.9569 35.2029 35.2029 35.2029 59.4132 59.4132 59.4132 59.386 59.386 59.386 51.7568 51.7568 51.7568 51.7805 51.7805 51.7568 51.7568 51.7568 51.7568 51.7568 51.7568 1.92421 1.92421 1.92421 0 -9999 -9999 -9999 -9999 -9999 -9999 -9999 -9999 -9999 -9999 -9999 -9999 -9999 -9999 -9999 -9999 -9999 -9999 -9999 -9999 -9999 -9999 -9999 -9999 -9999 -9999 -9999 -9999
18.7587 34.5209 34.5209 34.5209 48.5296 48.5296 48.5296 28.8235 28.8235 28.8235 37.182 37.182 24.9626 24.9626 24.9626 25.9569 25.9569 25.9569 35.2029 35.2029 35.2029 59.4132 59.4132 59.4132 59.386 59.386 59.386 51.7568 51.7568 51.7568 51.7805 51.7805 51.7568 51.7568 51.7568 51.7568 51.7568 51.7568 1.92421 1.92421 1.92421 0 -9999 -9999 -9999 -9999 -9999 -9999 -9999 -9999 -9999 -9999 -9999 -9999 -9999 -9999 -9999 -9999 -9999 -9999 -9999 -9999 -9999 -9999 -9999 -9999 -9999 -9999 -9999 -9999
18.7587 34.5209 34.5209 34.5209 48.5296 48.5296 48.5296 28.8235 28.8235 28.8235 37.182 37.182 24.9626 24.9626 24.9626 25.9569 25.9569 25.9569 35.2029 35.2029 35.2029 59.4132 59.4132 59.4132 59.386 59.386 59.386 51.7568 51.7568 51.7568 51.7805 51.7805 51.7568 51.7568 51.7568 51.7568 51.7568 51.7568 1.92421 1.92421 1.92421 -9999 -9999 -9999 -9999 -9999 -9999 -9999 -9999 -9999 -9999 -9999 -9999 -9999 -9999 -9999 -9999 -9999 -9999 -9999 -9999 -9999 -9999 -9999 -9999 -9999 -9999 -9999 -9999 -9999
76.0846 34.5017 34.5017 34.5017 28.8207 28.8207 28.8207 28.8075 28.8075 28.8075 37.1614 37.1614 24.9488 24.9488 24.9488 25.9426 25.9426 25.9426 37.555 37.555 37.555 59.3802 59.3802 59.3802 47.8713 47.8713 47.8713 37.555 37.555 37.555 25.5741 25.5741 25.5624 25.5624 25.5624 38.479 38.479 38.479 63.5096 63.5096 63.5096 -9999 -9999 -9999 -9999 -9999 -9999 -9999 -9999 -9999 -9999 -9999 -9999 -9999 -9999 -9999 -9999 -9999 -9999 -9999 -9999 -9999 -9999 -9999 -9999 -9999 -9999 -9999 -9999 -9999
76.0846 34.5017 34.5017 34.5017 28.8207 28.8207 28.8207 28.8075 28.8075 28.8075 37.1614 37.1614 24.9488 24.9488 24.9488 25.9426 25.9426 25.9426 37.555 37.555 37.555 59.3802 59.3802 59.3802 47.8713 47.8713 47.8713 37.555 37.555 37.555 25.5741 25.5741 25.5624 25.5624 25.5624 38.479 38.479 38.479 63.5096 63.5096 63.5096 -9999 -9999 -9999 -9999 -9999 -9999 -9999 -9999 -9999 -9999 -9999 -9999 -9999 -9999 -9999 -9999 -9999 -9999 -9999 -9999 -9999 -9999 -9999 -9999 -9999 -9999 -9999 -9999 -9999
76.0846 34.5017 34.5017 34.5017 28.8207 28.8207 28.8207 28.8075 28.8075 28.8075 37.1614 37.1614 24.9488 24.9488 24.9488 25.9426 25.9426 25.9426 37.555 37.555 37.555 59.3802 59.3802 59.3802 47.8713 47.8713 47.8713 37.555 37.555 37.555 25.5741 25.5741 25.5624 25.5624 25.5624 38.479 38.479 38.479 63.5096 63.5096 63.5096 -9999 -9999 -9999 -9999 -9999 -9999 -9999 -9999 -9999 -9999 -9999 -9999 -9999 -9999 -9999 -9999 -9999 -9999 -9999 -9999 -9999 -9999 -9999 -9999 -9999 -9999 -9999 -9999 -9999
55.6325 55.6325 55.6325 55.6325 47.3781 47.3781 47.3781 47.3564 47.3564 47.3564 37.4054 37.4054 28.7731 28.7731 28.7731 119.894 119.894 119.894 53.9444 53.9444 53.9444 37.5513 37.5513 37.5513 37.5341 37.5341 37.5341 18.6071 18.6071 18.6071 33.5585 33.5585 20.1568 20.1568 20.1568 38.4576 38.4576 38.4576 38.4752 38.4752 -9999 -9999 -9999 -9999 -9999 -9999 -9999 -9999 -9999 -9999 -9999 -9999 -9999 -9999 -9999 -9999 -9999 -9999 -9999 -9999 -9999 -9999 -9999 -9999 -9999 -9999 -9999 -9999 -9999 -9999
