Madagascar1218CLEAN/DATA/afpop.txt
ncols         251
nrows         471
xllcorner     43.217484268189
yllcorner     -25.606154098314
cellsize      0.029
NODATA_value  -9999
[rows 279 to 309 of 471, columns 70 to 139 of 251]
9.88922 9.88922 9.88715 9.88715 9.89165 9.89165 -9999 9.89165 9.88922 9.88922 9.88922 9.88922 9.88922 9.88922 9.89374 9.89374 9.89374 9.53923 9.53923 9.53923 2.16954 2.16954 2.16954 2.17053 2.17053 2.16954 2.16954 2.16954 6.9116 6.9116 6.9116 6.54552 6.54552 6.54552 6.9116 6.9116 6.9116 29.5209 29.5209 29.5209 29.5344 29.5344 29.5344 29.5209 29.5209 26.6786 26.6786 26.6786 26.6908 26.6908 26.6908 26.6777 26.6777 26.6777 25.8556 25.8556 25.8556 72.8646 72.8646 72.8646 54.7013 54.7013 30.935 30.935 30.935 30.9492 30.9492 30.9492 20.6859 20.6859
6.15919 6.15919 9.88395 9.88395 9.88848 9.88848 -9999 9.88848 9.88395 9.88395 9.88395 9.88395 9.88395 9.88395 9.88848 9.88848 9.88848 9.34437 9.34437 9.34437 2.16839 2.16839 2.16839 2.16938 2.16938 2.16839 2.16839 2.16839 2.16839 2.16839 2.16839 2.16938 2.16938 2.16938 2.16839 2.16839 2.16839 7.1061 7.1061 7.1061 7.10936 7.10936 7.10936 7.1061 7.1061 7.1061 7.1061 7.1061 7.10936 7.10936 7.10936 7.1061 7.1061 7.1061 25.1806 25.1806 25.1806 25.1921 25.1921 25.1921 48.8652 48.8652 35.8125 35.8125 35.8125 30.9327 30.9327 30.9327 75.6407 75.6407
6.15919 6.15919 9.88395 9.88395 9.88848 9.88848 -9999 9.88848 9.88395 9.88395 9.88395 9.88395 9.88395 9.88395 9.88848 9.88848 9.88848 9.34437 9.34437 9.34437 2.16839 2.16839 2.16839 2.16938 2.16938 2.16839 2.16839 2.16839 2.16839 2.16839 2.16839 2.16938 2.16938 2.16938 2.16839 2.16839 2.16839 7.1061 7.1061 7.1061 7.10936 7.10936 7.10936 7.1061 7.1061 7.1061 7.1061 7.1061 7.10936 7.10936 7.10936 7.1061 7.1061 7.1061 25.1806 25.1806 25.1806 25.1921 25.1921 25.1921 48.8652 48.8652 35.8125 35.8125 35.8125 30.9327 30.9327 30.9327 75.6407 75.6407
6.15919 6.15919 9.88395 9.88395 9.88848 9.88848 -9999 9.88848 9.88395 9.88395 9.88395 9.88395 9.88395 9.88395 9.88848 9.88848 9.88848 9.34437 9.34437 9.34437 2.16839 2.16839 2.16839 2.16938 2.16938 2.16839 2.16839 2.16839 2.16839 2.16839 2.16839 2.16938 2.16938 2.16938 2.16839 2.16839 2.16839 7.1061 7.1061 7.1061 7.10936 7.10936 7.10936 7.1061 7.1061 7.1061 7.1061 7.1061 7.10936 7.10936 7.10936 7.1061 7.1061 7.1061 25.1806 25.1806 25.1806 25.1921 25.1921 25.1921 48.8652 48.8652 35.8125 35.8125 35.8125 30.9327 30.9327 30.9327 75.6407 75.6407
3.92794 3.92794 9.35965 9.35965 9.36394 9.36394 -9999 9.36394 9.35965 9.35965 9.35965 9.35965 9.35965 9.35965 9.88319 9.88319 9.88319 5.26602 5.26602 5.26602 2.16723 2.16723 2.16723 2.16822 2.16822 2.16723 2.16723 2.16723 2.16723 2.16723 2.16723 2.16822 2.16822 2.16822 2.10412 2.10412 2.10412 7.1023 7.1023 7.1023 7.10556 7.10556 7.10556 7.1023 7.1023 7.1023 7.1023 7.1023 7.10556 7.10556 7.10556 7.1023 7.1023 7.1023 58.1464 58.1464 58.1464 14.6609 14.6609 14.6609 47.1529 47.1529 13.6076 13.6076 13.6076 105.065 105.065 105.065 112.47 112.47
3.92794 3.92794 9.35965 9.35965 9.36394 9.36394 -9999 9.36394 9.35965 9.35965 9.35965 9.35965 9.35965 9.35965 9.88319 9.88319 9.88319 5.26602 5.26602 5.26602 2.16723 2.16723 2.16723 2.16822 2.16822 2.16723 2.16723 2.16723 2.16723 2.16723 2.16723 2.16822 2.16822 2.16822 2.10412 2.10412 2.10412 7.1023 7.1023 7.1023 7.10556 7.10556 7.10556 7.1023 7.1023 7.1023 7.1023 7.1023 7.10556 7.10556 7.10556 7.1023 7.1023 7.1023 58.1464 58.1464 58.1464 14.6609 14.6609 14.6609 47.1529 47.1529 13.6076 13.6076 13.6076 105.065 105.065 105.065 112.47 112.47
3.92794 3.92794 9.35965 9.35965 9.36394 9.36394 -9999 9.36394 9.35965 9.35965 9.35965 9.35965 9.35965 9.35965 9.88319 9.88319 9.88319 5.26602 5.26602 5.26602 2.16723 2.16723 2.16723 2.16822 2.16822 2.16723 2.16723 2.16723 2.16723 2.16723 2.16723 2.16822 2.16822 2.16822 2.10412 2.10412 2.10412 7.1023 7.1023 7.1023 7.10556 7.10556 7.10556 7.1023 7.1023 7.1023 7.1023 7.1023 7.10556 7.10556 7.10556 7.1023 7.1023 7.1023 58.1464 58.1464 58.1464 14.6609 14.6609 14.6609 47.1529 47.1529 13.6076 13.6076 13.6076 105.065 105.065 105.065 112.47 112.47
3.92583 3.92583 9.35463 9.35463 9.35891 9.35891 -9999 9.35891 9.35463 9.35463 9.35463 9.35463 9.35463 9.35463 9.35891 9.35891 9.35891 2.16606 2.16606 2.16606 2.16606 2.16606 2.16606 2.16706 2.16706 6.97607 6.97607 6.97607 2.16606 2.16606 2.16606 2.09409 2.09409 2.09409 2.09313 2.09313 2.09313 2.09313 2.09313 2.09313 2.09409 2.09409 2.09409 16.2455 16.2455 16.2455 16.2455 16.2455 33.4387 33.4387 33.4387 33.4234 33.4234 33.4234 40.8856 40.8856 40.8856 40.9043 40.9043 40.9043 13.6003 13.6003 13.6003 13.6003 13.6003 120.321 120.321 120.321 120.266 120.266
3.92583 3.92583 9.35463 9.35463 9.35891 9.35891 -9999 9.35891 9.35463 9.35463 9.35463 9.35463 9.35463 9.35463 9.35891 9.35891 9.35891 2.16606 2.16606 2.16606 2.16606 2.16606 2.16606 2.16706 2.16706 6.97607 6.97607 6.97607 2.16606 2.16606 2.16606 2.09409 2.09409 2.09409 2.09313 2.09313 2.09313 2.09313 2.09313 2.09313 2.09409 2.09409 2.09409 16.2455 16.2455 16.2455 16.2455 16.2455 33.4387 33.4387 33.4387 33.4234 33.4234 33.4234 40.8856 40.8856 40.8856 40.9043 40.9043 40.9043 13.6003 13.6003 13.6003 13.6003 13.6003 120.321 120.321 120.321 120.266 120.266
3.92583 3.92583 9.35463 9.35463 9.35891 9.35891 -9999 9.35891 9.35463 9.35463 9.35463 9.35463 9.35463 9.35463 9.35891 9.35891 9.35891 2.16606 2.16606 2.16606 2.16606 2.16606 2.16606 2.16706 2.16706 6.97607 6.97607 6.97607 2.16606 2.16606 2.16606 2.09409 2.09409 2.09409 2.09313 2.09313 2.09313 2.09313 2.09313 2.09313 2.09409 2.09409 2.09409 16.2455 16.2455 16.2455 16.2455 16.2455 33.4387 33.4387 33.4387 33.4234 33.4234 33.4234 40.8856 40.8856 40.8856 40.9043 40.9043 40.9043 13.6003 13.6003 13.6003 13.6003 13.6003 120.321 120.321 120.321 120.266 120.266
3.92371 3.92371 3.92371 3.92371 9.35386 9.35386 -9999 9.35386 9.34958 9.34958 9.34958 9.34958 9.34958 9.34958 9.35386 9.35386 9.35386 3.19291 3.19291 3.19291 3.19291 3.19291 3.19291 6.9755 6.9755 6.97231 6.97231 6.97231 6.97231 6.97231 6.97231 2.09296 2.09296 2.09296 2.092 2.092 2.092 2.092 2.092 2.092 2.09296 2.09296 2.09296 16.2368 16.2368 16.2368 16.2368 16.2368 33.4206 33.4206 33.4206 33.4053 33.4053 33.4053 40.8635 40.8635 40.8635 40.8822 40.8822 40.8822 29.7928 29.7928 29.8152 29.8152 29.8152 555.639 555.639 555.639 130.32 130.32
3.92371 3.92371 3.92371 3.92371 9.35386 9.35386 -9999 9.35386 9.34958 9.34958 9.34958 9.34958 9.34958 9.34958 9.35386 9.35386 9.35386 3.19291 3.19291 3.19291 3.19291 3.19291 3.19291 6.9755 6.9755 6.97231 6.97231 6.97231 6.97231 6.97231 6.97231 2.09296 2.09296 2.09296 2.092 2.092 2.092 2.092 2.092 2.092 2.09296 2.09296 2.09296 16.2368 16.2368 16.2368 16.2368 16.2368 33.4206 33.4206 33.4206 33.4053 33.4053 33.4053 40.8635 40.8635 40.8635 40.8822 40.8822 40.8822 29.7928 29.7928 29.8152 29.8152 29.8152 555.639 555.639 555.639 130.32 130.32
3.92371 3.92371 3.92371 3.92371 9.35386 9.35386 -9999 9.35386 9.34958 9.34958 9.34958 9.34958 9.34958 9.34958 9.35386 9.35386 9.35386 3.19291 3.19291 3.19291 3.19291 3.19291 3.19291 6.9755 6.9755 6.97231 6.97231 6.97231 6.97231 6.97231 6.97231 2.09296 2.09296 2.09296 2.092 2.092 2.092 2.092 2.092 2.092 2.09296 2.09296 2.09296 16.2368 16.2368 16.2368 16.2368 16.2368 33.4206 33.4206 33.4206 33.4053 33.4053 33.4053 40.8635 40.8635 40.8635 40.8822 40.8822 40.8822 29.7928 29.7928 29.8152 29.8152 29.8152 555.639 555.639 555.639 130.32 130.32
3.92159 3.92159 3.92159 3.92159 9.34879 9.34879 -9999 9.34879 9.34451 9.34451 9.34451 9.34451 9.34451 9.34451 9.34879 9.34879 9.34879 3.19118 3.19118 3.19118 3.19118 3.19118 3.19118 3.19264 3.19264 6.96853 6.96853 6.96853 6.96853 6.96853 6.96853 2.09182 2.09182 2.09182 2.09087 2.09087 2.09087 2.09087 2.09087 2.09087 2.09182 2.09182 2.09182 16.228 16.228 16.228 16.228 16.228 1.92835 1.92835 1.92835 1.92747 1.92747 1.92747 1.92747 1.92747 1.92747 66.9465 66.9465 66.9465 71.0954 71.0954 131.265 131.265 131.265 131.325 131.325 131.325 128.276 128.276
3.92159 3.92159 3.92159 3.92159 9.34879 9.34879 -9999 9.34879 9.34451 9.34451 9.34451 9.34451 9.34451 9.34451 9.34879 9.34879 9.34879 3.19118 3.19118 3.19118 3.19118 3.19118 3.19118 3.19264 3.19264 6.96853 6.96853 6.96853 6.96853 6.96853 6.96853 2.09182 2.09182 2.09182 2.09087 2.09087 2.09087 2.09087 2.09087 2.09087 2.09182 2.09182 2.09182 16.228 16.228 16.228 16.228 16.228 1.92835 1.92835 1.92835 1.92747 1.92747 1.92747 1.92747 1.92747 1.92747 66.9465 66.9465 66.9465 71.0954 71.0954 131.265 131.265 131.265 131.325 131.325 131.325 128.276 128.276
3.92159 3.92159 3.92159 3.92159 9.34879 9.34879 -9999 9.34879 9.34451 9.34451 9.34451 9.34451 9.34451 9.34451 9.34879 9.34879 9.34879 3.19118 3.19118 3.19118 3.19118 3.19118 3.19118 3.19264 3.19264 6.96853 6.96853 6.96853 6.96853 6.96853 6.96853 2.09182 2.09182 2.09182 2.09087 2.09087 2.09087 2.09087 2.09087 2.09087 2.09182 2.09182 2.09182 16.228 16.228 16.228 16.228 16.228 1.92835 1.92835 1.92835 1.92747 1.92747 1.92747 1.92747 1.92747 1.92747 66.9465 66.9465 66.9465 71.0954 71.0954 131.265 131.265 131.265 131.325 131.325 131.325 128.276 128.276
3.91945 3.91945 3.91945 3.91945 1.60694 1.60694 -9999 1.60694 9.33943 9.33943 9.33943 9.33943 9.33943 9.33943 9.34371 9.34371 9.34371 3.18944 3.18944 3.18944 3.18944 3.18944 3.18944 3.1909 3.1909 6.96474 6.96474 6.96474 6.96474 6.96474 6.96474 6.96793 6.96793 6.96793 2.08973 2.08973 2.08973 2.08973 2.08973 2.08973 2.09069 2.09069 2.09069 16.2191 16.2191 16.2191 16.2191 16.2191 16.2266 16.2266 16.2266 1.92642 1.92642 1.92642 1.92642 1.92642 1.92642 1.9273 1.9273 1.9273 75.203 75.203 52.2177 52.2177 52.2177 39.0787 39.0787 39.0787 39.0608 39.0608
3.91945 3.91945 3.91945 3.91945 1.60694 1.60694 -9999 1.60694 9.33943 9.33943 9.33943 9.33943 9.33943 9.33943 9.34371 9.34371 9.34371 3.18944 3.18944 3.18944 3.18944 3.18944 3.18944 3.1909 3.1909 6.96474 6.96474 6.96474 6.96474 6.96474 6.96474 6.96793 6.96793 6.96793 2.08973 2.08973 2.08973 2.08973 2.08973 2.08973 2.09069 2.09069 2.09069 16.2191 16.2191 16.2191 16.2191 16.2191 16.2266 16.2266 16.2266 1.92642 1.92642 1.92642 1.92642 1.92642 1.92642 1.9273 1.9273 1.9273 75.203 75.203 52.2177 52.2177 52.2177 39.0787 39.0787 39.0787 39.0608 39.0608
3.91945 3.91945 3.91945 3.91945 1.60694 1.60694 -9999 1.60694 9.33943 9.33943 9.33943 9.33943 9.33943 9.33943 9.34371 9.34371 9.34371 3.18944 3.18944 3.18944 3.18944 3.18944 3.18944 3.1909 3.1909 6.96474 6.96474 6.96474 6.96474 6.96474 6.96474 6.96793 6.96793 6.96793 2.08973 2.08973 2.08973 2.08973 2.08973 2.08973 2.09069 2.09069 2.09069 16.2191 16.2191 16.2191 16.2191 16.2191 16.2266 16.2266 16.2266 1.92642 1.92642 1.92642 1.92642 1.92642 1.92642 1.9273 1.9273 1.9273 75.203 75.203 52.2177 52.2177 52.2177 39.0787 39.0787 39.0787 39.0608 39.0608
3.91731 3.91731 2.96966 2.96966 1.60606 1.60606 -9999 1.60606 1.60533 1.60533 1.60533 1.60533 1.60533 1.60533 1.60606 1.60606 1.60606 3.1877 3.1877 3.1877 3.1877 3.1877 3.1877 6.96412 6.96412 6.96093 6.96093 6.96093 6.96093 6.96093 6.96093 2.08954 2.08954 2.08954 2.08859 2.08859 2.08859 2.08859 2.08859 2.08859 2.08954 2.08954 2.08954 2.08859 2.08859 13.7087 13.7087 13.7087 16.2177 16.2177 16.2177 16.2103 16.2103 16.2103 9.38563 9.38563 9.38563 211.764 211.764 211.764 52.1892 52.1892 52.5469 52.5469 52.5469 56.8793 56.8793 56.8793 40.7435 40.7435
3.91731 3.91731 2.96966 2.96966 1.60606 1.60606 -9999 1.60606 1.60533 1.60533 1.60533 1.60533 1.60533 1.60533 1.60606 1.60606 1.60606 3.1877 3.1877 3.1877 3.1877 3.1877 3.1877 6.96412 6.96412 6.96093 6.96093 6.96093 6.96093 6.96093 6.96093 2.08954 2.08954 2.08954 2.08859 2.08859 2.08859 2.08859 2.08859 2.08859 2.08954 2.08954 2.08954 2.08859 2.08859 13.7087 13.7087 13.7087 16.2177 16.2177 16.2177 16.2103 16.2103 16.2103 9.38563 9.38563 9.38563 211.764 211.764 211.764 52.1892 52.1892 52.5469 52.5469 52.5469 56.8793 56.8793 56.8793 40.7435 40.7435
3.91516 3.91516 1.60445 1.60445 1.60518 1.60518 -9999 1.60518 1.60445 1.60445 1.60445 1.60445 1.60445 1.60445 1.60518 1.60518 1.60518 3.18595 3.18595 3.18595 3.18595 3.18595 3.18595 3.18741 3.18741 6.95711 6.95711 6.95711 6.95711 6.95711 6.95711 2.0884 2.0884 2.0884 2.08744 2.08744 2.08744 2.08744 2.08744 2.08744 2.0884 2.0884 2.0884 2.08744 2.08744 12.2618 12.2618 12.2618 12.2674 12.2674 12.2674 16.2004 16.2004 16.2004 16.2014 16.2014 16.2014 83.6187 83.6187 83.6187 55.7724 55.7724 55.7724 55.7724 55.7724 55.798 55.798 55.798 68.298 68.298
3.91516 3.91516 1.60445 1.60445 1.60518 1.60518 -9999 1.60518 1.60445 1.60445 1.60445 1.60445 1.60445 1.60445 1.60518 1.60518 1.60518 3.18595 3.18595 3.18595 3.18595 3.18595 3.18595 3.18741 3.18741 6.95711 6.95711 6.95711 6.95711 6.95711 6.95711 2.0884 2.0884 2.0884 2.08744 2.08744 2.08744 2.08744 2.08744 2.08744 2.0884 2.0884 2.0884 2.08744 2.08744 12.2618 12.2618 12.2618 12.2674 12.2674 12.2674 16.2004 16.2004 16.2004 16.2014 16.2014 16.2014 83.6187 83.6187 83.6187 55.7724 55.7724 55.7724 55.7724 55.7724 55.798 55.798 55.798 68.298 68.298
3.91516 3.91516 1.60445 1.60445 1.60518 1.60518 -9999 1.60518 1.60445 1.60445 1.60445 1.60445 1.60445 1.60445 1.60518 1.60518 1.60518 3.18595 3.18595 3.18595 3.18595 3.18595 3.18595 3.18741 3.18741 6.95711 6.95711 6.95711 6.95711 6.95711 6.95711 2.0884 2.0884 2.0884 2.08744 2.08744 2.08744 2.08744 2.08744 2.08744 2.0884 2.0884 2.0884 2.08744 2.08744 12.2618 12.2618 12.2618 12.2674 12.2674 12.2674 16.2004 16.2004 16.2004 16.2014 16.2014 16.2014 83.6187 83.6187 83.6187 55.7724 55.7724 55.7724 55.7724 55.7724 55.798 55.798 55.798 68.298 68.298
3.913 3.913 1.60356 1.60356 1.6043 1.6043 -9999 1.6043 1.60356 1.60356 1.60356 1.60356 1.60356 1.60356 1.6043 1.6043 1.6043 3.18419 3.18419 3.18419 3.18419 3.18419 3.18419 3.18565 3.18565 6.95328 6.95328 6.95328 6.95328 6.95328 6.95328 5.53408 5.53408 5.53408 2.09204 2.09204 2.09204 2.11951 2.11951 2.11951 2.12048 2.12048 2.12048 2.11951 2.11951 12.2551 12.2551 12.2551 12.2607 12.2607 12.2607 12.2551 12.2551 12.2551 16.1924 16.1924 16.1924 194.238 194.238 194.238 149.152 149.152 182.303 182.303 182.303 1.92412 1.92412 1.92412 18.7587 18.7587
3.913 3.913 1.60356 1.60356 1.6043 1.6043 -9999 1.6043 1.60356 1.60356 1.60356 1.60356 1.60356 1.60356 1.6043 1.6043 1.6043 3.18419 3.18419 3.18419 3.18419 3.18419 3.18419 3.18565 3.18565 6.95328 6.95328 6.95328 6.95328 6.95328 6.95328 5.53408 5.53408 5.53408 2.09204 2.09204 2.09204 2.11951 2.11951 2.11951 2.12048 2.12048 2.12048 2.11951 2.11951 12.2551 12.2551 12.2551 12.2607 12.2607 12.2607 12.2551 12.2551 12.2551 16.1924 16.1924 16.1924 194.238 194.238 194.238 149.152 149.152 182.303 182.303 182.303 1.92412 1.92412 1.92412 18.7587 18.7587
3.913 3.913 1.60356 1.60356 1.6043 1.6043 -9999 1.6043 1.60356 1.60356 1.60356 1.60356 1.60356 1.60356 1.6043 1.6043 1.6043 3.18419 3.18419 3.18419 3.18419 3.18419 3.18419 3.18565 3.18565 6.95328 6.95328 6.95328 6.95328 6.95328 6.95328 5.53408 5.53408 5.53408 2.09204 2.09204 2.09204 2.11951 2.11951 2.11951 2.12048 2.12048 2.12048 2.11951 2.11951 12.2551 12.2551 12.2551 12.2607 12.2607 12.2607 12.2551 12.2551 12.2551 16.1924 16.1924 16.1924 194.238 194.238 194.238 149.152 149.152 182.303 182.303 182.303 1.92412 1.92412 1.92412 18.7587 18.7587
1.79553 1.79553 1.79553 1.79553 1.60341 1.60341 -9999 1.60341 1.60267 1.60267 1.60267 1.60267 1.60267 1.60267 1.60341 1.60341 1.60341 3.18243 3.18243 3.18243 3.18243 3.18243 3.18243 3.18389 3.18389 6.94942 6.94942 6.94942 6.94942 6.94942 6.94942 2.1193 2.1193 2.1193 2.11833 2.11833 2.11833 2.11833 2.11833 2.11833 2.1193 2.1193 2.1193 2.11833 2.11833 2.11833 2.11833 2.11833 12.2539 12.2539 12.2539 12.2483 12.2483 12.2483 12.2483 12.2483 12.2483 48.8442 48.8442 48.8442 149.07 149.07 67.5453 67.5453 67.5453 76.8932 76.8932 76.8932 76.0846 76.0846
1.79553 1.79553 1.79553 1.79553 1.60341 1.60341 -9999 1.60341 1.60267 1.60267 1.60267 1.60267 1.60267 1.60267 1.60341 1.60341 1.60341 3.18243 3.18243 3.18243 3.18243 3.18243 3.18243 3.18389 3.18389 6.94942 6.94942 6.94942 6.94942 6.94942 6.94942 2.1193 2.1193 2.1193 2.11833 2.11833 2.11833 2.11833 2.11833 2.11833 2.1193 2.1193 2.1193 2.11833 2.11833 2.11833 2.11833 2.11833 12.2539 12.2539 12.2539 12.2483 12.2483 12.2483 12.2483 12.2483 12.2483 48.8442 48.8442 48.8442 149.07 149.07 67.5453 67.5453 67.5453 76.8932 76.8932 76.8932 76.0846 76.0846
1.79553 1.79553 1.79553 1.79553 1.60341 1.60341 -9999 1.60341 1.60267 1.60267 1.60267 1.60267 1.60267 1.60267 1.60341 1.60341 1.60341 3.18243 3.18243 3.18243 3.18243 3.18243 3.18243 3.18389 3.18389 6.94942 6.94942 6.94942 6.94942 6.94942 6.94942 2.1193 2.1193 2.1193 2.11833 2.11833 2.11833 2.11833 2.11833 2.11833 2.1193 2.1193 2.1193 2.11833 2.11833 2.11833 2.11833 2.11833 12.2539 12.2539 12.2539 12.2483 12.2483 12.2483 12.2483 12.2483 12.2483 48.8442 48.8442 48.8442 149.07 149.07 67.5453 67.5453 67.5453 76.8932 76.8932 76.8932 76.0846 76.0846
1.79453 1.79453 1.79453 1.79453 1.79536 1.79536 -9999 1.79536 1.79453 1.79453 1.79453 1.53278 1.53278 1.53278 1.53348 1.53348 1.53348 1.53278 1.53278 1.53278 3.18066 3.18066 3.18066 3.18211 3.18211 2.17408 2.17408 2.17408 2.17408 2.17408 2.17408 2.17508 2.17508 2.17508 2.11716 2.11716 2.11716 2.11716 2.11716 2.11716 2.11812 2.11812 2.11812 2.11716 2.11716 2.11716 2.11716 2.11716 2.11812 2.11812 2.11812 12.2415 12.2415 12.2415 12.2415 12.2415 12.2415 63.2158 63.2158 63.2158 56.3863 56.3863 76.8152 76.8152 76.8152 76.8504 76.8504 76.8504 55.6325 55.6325
