Madagascar1218CLEAN/DATA/aspect.txt
ncols         251
nrows         471
xllcorner     43.217484268189
yllcorner     -25.606154098314
cellsize      0.029
NODATA_value  -9999
[rows 217 to 247 of 471, columns 142 to 212 of 251]
41.892 106.829 165.964 263.112 54.2333 72.1924 230.612 192.585 131.858 231.789 289.654 312.064 223.377 178.934 108.8 30.2564 163.61 45 197.957 312.765 64.0494 219.587 336.318 26.1323 230.44 72.4076 323.82 81.7029 309.036 138.252 94.5378 105.751 257.896 301.034 139.953 113.33 303.36 88.8065 16.3269 54.4623 278.992 90.4122 254.103 138.652 75.4258 174.333 144.508 161.565 227.949 214.909 97.2408 247.793 174.269 107.987 35.8195 242.983 83.991 117.436 72.2724 207.688 62.1027 184.667 133.652 206.811 82.2782 128.884 303.566 102.265 51.3402 55.4375 -9999
116.186 120.665 327.27 72.0903 282.443 314.796 36.1932 290.507 51.8334 356.902 308.136 335.598 323.83 59.9558 262.451 65.7941 291.405 257.969 154.272 247.636 218.923 68.5323 204.624 162.346 102.193 39.8056 0 41.8041 244.498 141.897 126.511 67.8806 269.576 208.258 47.2026 359.657 302.816 131.82 311.328 80.9421 314.391 92.1409 239.093 165.358 118.413 276.625 167.619 252.824 270 257.603 123.559 216.908 70.7372 46.2922 110.225 53.2267 43.3017 38.6598 210.48 334.573 335.904 82.1847 68.4429 113.199 268.556 87.2737 28.4956 138.814 329.036 -9999 -9999
330.945 141.037 184.764 112.315 161.847 224.395 262.982 98.7838 61.2388 86.4785 306.995 265.478 49.7636 279.403 36.7121 307.461 2.60256 354.786 47.6425 3.41767 41.0091 207.35 357.274 82.8497 106.161 188.616 258.133 86.0251 232.722 77.0054 46.9749 74.5115 284.191 252.771 233.958 83.4181 157.203 192.395 320.528 305.538 86.1041 71.8092 82.3888 97.267 173.991 209.805 90.2969 59.7569 136.97 264.146 189.56 124.16 215.288 95.6746 21.1613 66.4322 290.023 41.769 6.76815 56.3099 181.202 86.1393 296.811 142.058 49.0283 41.0091 151.887 131.186 180 -9999 -9999
113.444 35.9097 209.566 290.397 52.5818 214.114 188.722 175.601 171.511 132.357 269.519 266.906 29.7855 12.0508 123.69 8.40068 262.654 176.54 120.61 197.978 243.331 329.349 159.656 310.285 84.7029 176.878 249.669 46.5422 86.4407 152.146 228.814 110.462 256.314 263.563 304.789 61.5873 280.954 130.333 277.313 39.4174 167.677 39.1057 38.6598 73.9264 247.932 249.753 159.19 124.25 270.616 145.802 159.076 189.394 97.7552 215.789 77.3853 177.872 225 80.3625 190.929 119.954 49.6774 337.751 112.487 359.091 22.0679 124.509 70.7693 45 45 -9999 -9999
148.96 202.769 315.352 83.1319 104.421 56.9442 72.8973 355.601 7.61471 328.671 23.2901 299.055 265.914 67.5572 259.824 281.674 336.161 68.4986 108.435 231.633 16.181 308.66 343.951 290.943 43.3947 57.9576 158.575 161.162 102.216 126.87 55.6197 121.784 262.057 307.933 272.596 244.654 193.992 7.05231 293.79 79.7809 30.6159 247.348 192.496 144.019 180.664 94.6859 102.314 93.6266 327.897 348.938 32.4401 185.157 223.636 73.1063 127.623 59.4298 58.6975 66.148 119.731 218.077 116.075 74.9136 333.208 136.925 109.799 159.944 59.0362 73.3008 91.273 -9999 -9999
175.665 326.813 257.548 63.5883 33.6458 311.086 7.00127 243.693 322.588 325.553 34.7059 314.042 91.2544 13.6391 275.467 14.3436 4.23639 48.9302 74.0546 306.989 230.856 61.4434 151.771 237.758 136.573 43.4015 19.6871 188.499 91.0609 282.426 126.674 300.964 251.372 283.57 233.499 101.456 274.548 269.226 255.599 49.0142 117.285 213.192 116.896 119.386 229.077 109.339 93.8028 3.25722 262.337 208.507 137.761 73.2102 263.583 65.0715 101.655 42.2005 143.973 142.431 101.717 47.1747 109.426 149.036 99.6052 99.4053 222.709 351.87 56.3099 83.6598 0 -9999 -9999
86.9539 331.813 256.991 97.6589 105.049 293.057 78.7992 4.20898 308.514 187.727 240.573 313.224 329.714 66.9296 293.321 319.764 136.169 80.7667 69.2744 264.644 198.435 38.0997 115.442 89.3664 121.709 213.111 5.06362 277.306 178.363 111.886 24.5672 299.249 275.234 339.066 287.241 87.2387 87.024 358.384 245.886 115.385 15.2318 186.103 285.631 96.8768 98.0171 218.298 203.569 301.608 198.778 231.495 110.177 188.198 206.565 196.699 287.063 112.855 220.071 152.127 132.397 241.39 195.642 63.0343 45.971 114.063 150.945 188.973 341.565 292.62 -9999 -9999 -9999
178.191 345.892 234.199 66.8449 56.281 2.84214 25.1016 281.575 285.7 36.3072 316.028 293.39 203.259 282.073 7.26324 188.746 8.31513 45.4925 336.541 25.7581 261.327 274.85 48.6914 103.579 182.147 212.196 306.529 328.116 128.884 275.389 319.574 202.218 253.573 266.855 271.245 113.134 121.759 151.928 279.699 256.917 130.089 115.843 267.623 95.0559 359.815 30.2813 232.125 96.3402 103.249 278.223 314.384 171.469 138.278 188.374 258.614 86.1518 51.1068 173.431 163.575 47.2026 254.578 94.2679 245.422 119.31 160.408 79.6952 315 -9999 -9999 -9999 -9999
288.997 65.2334 67.5609 60.0304 339.608 321.976 22.2817 287.266 0.449369 317.603 299.427 345.543 301.866 266.065 78.222 49.7201 191.392 219.31 310.691 27.7342 105.906 236.619 102.77 111.454 67.6106 225 27.646 156.346 265.815 226.245 344.526 218.991 273.708 30.556 256.759 117.824 19.44 289.799 102.909 252.976 48.2397 41.4862 96.7796 104.338 85.2666 88.9949 50.4232 301.01 95.6536 248.482 104.257 235.257 262.139 240.524 285.204 308.703 105.084 39.8935 255.871 89.8017 294.944 156.949 274.086 34.9393 97.9575 258.69 189.866 -9999 -9999 -9999 -9999
201.49 87.6516 41.9552 56.3901 236.807 197.663 233.13 294.169 81.6701 270.421 316.185 270.807 41.3086 256.701 29.0546 23.5747 9.03297 253.72 336.038 128.904 96.6325 284.601 84.5435 135.764 123.528 270.909 195.68 98.7812 297.897 267.709 247.203 42.3575 259.114 324.09 285.35 99.2461 121.675 212.905 294.4 261.513 1.42853 102.978 115.06 85.1355 109.225 74.8554 39.3129 30.3236 89.7909 245.877 183.356 169.455 256.348 190.547 283.198 112.858 103.087 90.9227 241.899 77.8325 243.925 125.647 93.4336 99.8658 32.7352 236.889 198.435 -9999 -9999 -9999 -9999
240.255 84.8056 116.229 193.768 351.327 356.186 277.696 157.426 81.6527 322.431 289.592 308.676 19.2386 305.44 310.17 180.32 347.152 117.172 103.903 0.287916 253.887 43.7614 94.2855 68.8387 147.24 21.5713 274.844 128.019 352.405 209.624 290.556 54.4623 259.807 87.0643 64.3232 153.768 117.508 47.397 245.204 279.651 73.8386 84.0377 105.809 314.421 189.605 83.3201 128.626 113.331 86.1041 308.917 115.615 109.337 91.1458 201.194 135.934 79.3697 95.5572 57.0464 102.24 196.305 84.9869 264.588 179.061 108.034 12.0306 18.4349 -9999 -9999 -9999 -9999 -9999
349.354 110.854 49.096 334.562 293.658 7.96577 308.163 83.8201 88.3003 48.1397 270.343 207.35 359.061 348.408 155.967 290.709 71.7274 94.3616 72.2996 81.573 54.7824 319.865 96.3822 73.3886 286.232 58.6504 120.114 275.194 59.6764 207.474 246.038 136.548 265.872 298.038 56.3099 60.147 262.513 144.357 154.525 211.259 141.418 127.768 92.2362 228.662 121.559 68.0456 223.049 136.717 117.284 288.435 32.8163 120.233 71.7839 170.601 248.511 206.246 25.3743 154.904 173.911 45 50.9061 312.879 77.7352 94.3987 154.179 108.435 -9999 -9999 -9999 -9999 -9999
265.668 33.1976 164.336 151.358 255.219 18.1456 245.014 105.255 126.815 272.113 34.9194 331.826 239.755 24.6138 90.7848 191.31 150.758 85.1009 102.758 125.362 280.784 95.0424 104.576 122.005 285.524 337.218 280.592 185.013 266.634 175.314 244.093 104.676 248.227 261.044 78.6901 114.121 342.474 292.543 26.4309 74.7449 173.431 240.018 79.6539 136.663 173.863 303.69 43.4025 17.118 12.7435 173.782 123.257 216.621 109.22 108.955 216.827 229.138 139.594 119.164 111.251 271.736 3.81407 253.54 129.668 121.293 345.964 -9999 -9999 -9999 -9999 -9999 -9999
163.486 292.62 96.4572 104.146 37.8065 233.483 177.637 94.5465 37.9053 269.901 316.407 254.762 267.944 70.56 342.525 135 6.34019 113.416 135.699 111.519 311.927 110.839 59.1296 129.685 182.121 270.988 279.349 338.962 168.69 63.4349 223.794 117.165 284.948 290.211 296.565 60.0831 179.076 179.288 231.483 64.8852 115.875 301.809 116.091 16.5571 51.1988 122.553 217.194 89.4483 300.644 28.8093 189.462 160.194 74.8355 98.9213 213.69 139.372 267.778 83.5565 302.196 244.026 74.1099 10.2222 67.6199 54.9638 138.366 -9999 -9999 -9999 -9999 -9999 -9999
180.764 206.042 359.153 347.648 22.6713 266.987 109.722 270.966 42.7605 73.7524 116.102 345.735 357.581 51.7757 232.394 148.707 53.9726 106.631 80.0958 96.5967 175.986 173.025 188.074 144.913 290.225 92.7927 273.789 172.972 344.055 58.4486 296.565 60.7086 336.471 333.435 273.468 98.6732 299.213 49.3098 273.504 240.275 72.8863 152.044 212.989 147.119 155.966 84.7513 16.0846 260.46 80.3401 215.676 55.5802 75.0378 336.919 293.199 4.93922 273.814 237.407 102.665 263.53 117.962 341.565 90.6437 125.538 196.887 0 -9999 -9999 -9999 -9999 -9999 -9999
33.73 295.145 174.535 171.747 53.0806 198.435 249.249 1.96366 311.177 13.9027 90.5817 75.9638 226.668 27.8544 37.3758 340.388 28.664 32.5604 213.311 47.8482 58.8243 228.208 61.0323 68.9625 196.101 102.002 249.444 324.462 161.565 116.565 297.897 143.13 216.733 254.745 31.8274 216.711 259.173 86.4863 94.3987 71.565 60.7672 275.277 146.041 104.589 181.123 90.5026 91.2454 308.938 169.247 73.9264 188.09 50.5055 59.9038 59.7436 318.633 45 352.2 135 267.089 116.783 293.015 136.302 122.638 146.31 -9999 -9999 -9999 -9999 -9999 -9999 -9999
304.38 353.189 356.911 6.34019 132.436 166.95 227.726 199.558 204.125 299.833 327.095 57.5288 309.289 140.013 91.3322 31.569 23.1986 76.3424 30.6997 41.5054 122.635 275.246 127.333 45.7742 273.059 103.109 262.282 98.5308 133.668 150.945 67.0113 241.504 315.735 270 131.309 276.988 259.186 122.506 41.2261 53.3461 128.942 178.995 87.4438 199.944 94.1223 213.826 197.719 52.0327 136.99 233.13 68.3643 179.17 180.236 138.013 229.086 88.6163 223.299 191.31 197.354 145.784 105.832 111.801 115.71 246.801 -9999 -9999 -9999 -9999 -9999 -9999 -9999
232.125 219.232 144.162 250.463 42.9424 13.2986 257.666 151.285 195.255 173.157 228.162 358.052 111.194 92.6425 253.179 159.057 31.2392 95.9882 100.008 155.589 323.483 290.726 102.875 54.0193 281.929 158.962 273.724 191.31 130.426 243.435 45 271.45 251.211 48.0665 59.3493 88.741 313.325 214.592 7.60053 305.64 58.9361 139.574 101.757 254.512 91.273 186.285 151.02 109.936 66.7077 34.8457 3.17983 61.8256 117.459 135 332.103 120.03 35.8064 80.8377 94.6355 253.072 81.7475 67.3801 328.241 0 -9999 -9999 -9999 -9999 -9999 -9999 -9999
319.145 319.62 337.496 150.781 130.365 133.315 226.193 272.49 183.991 328.431 233.82 182.726 148.285 298.934 37.6942 235.587 186.242 59.257 97.4314 311.272 90.971 127.663 34.5625 38.8845 123.408 178.831 296.565 84.7099 94.844 66.8014 198.435 296.053 339.605 14.1843 9.84582 99.8336 311.289 260.345 46.49 47.5397 123.049 223.717 102.838 238.894 33.3566 77.3196 27.8159 217.823 340.141 62.354 199.863 140.921 106.808 212.905 357.709 310.724 95.3471 23.6821 90 305.538 62.0079 73.8108 270 -9999 -9999 -9999 -9999 -9999 -9999 -9999 -9999
141.34 205.866 159.146 66.8014 97.4314 31.4296 305.538 241.699 318.752 201.309 214.611 315.818 344.228 295.115 10.0806 167.276 228.447 102.724 46.4203 274.372 68.4888 82.3574 117.134 318.576 1.39718 73.3008 257.905 243.435 103.782 132.51 291.801 324.567 243.553 29.4072 58.2986 165.763 305.208 30.5792 91.0086 184.362 70.3462 74.4759 45.1003 305.997 344.501 64.3658 78.7793 330.665 284.687 85.5904 8.93059 259.585 19.3063 280.76 82.1743 257.448 71.2319 133.568 188.13 287.904 123.486 120.964 356.424 -9999 -9999 -9999 -9999 -9999 -9999 -9999 -9999
259.33 40.3331 124.38 290.898 166.866 106.294 341.565 278.13 311.511 304.141 131.603 98.8418 261.733 88.3198 27.8241 58.5143 246.077 21.1941 27.2553 243.034 34.4448 110.888 115.919 300.069 58.0919 140.648 60.1358 260.362 70.641 273.366 289.231 269.284 286.998 55.8139 54.9818 206.053 92.5562 241.652 75.0464 113.219 87.313 36.7142 82.8945 284.26 276.988 35.1761 74.3722 10.8855 311.661 79.49 147.804 84.2587 25.2189 243.61 318.504 100.305 112.714 176.634 303.69 265.601 115.484 176.348 -9999 -9999 -9999 -9999 -9999 -9999 -9999 -9999 -9999
45 342.096 76.373 236.004 352.694 184.899 183.366 224.293 80.4753 189.917 290.393 15.1446 261.811 180 183.013 141.464 309.289 251.565 107.314 243.65 303.69 87.8426 176.743 152.447 331.131 23.8059 216.305 94.0856 75.4655 236.31 285.604 277.125 164.124 219.094 113.292 303.97 109.134 209.168 172.522 77.4067 38.3901 59.1859 72.7185 203.311 93.8212 138.841 128.382 329.8 151.63 54.1839 84.4547 134.32 61.7765 219.857 258.828 87.417 84.5226 101.31 30.9638 248.902 118.301 284.036 -9999 -9999 -9999 -9999 -9999 -9999 -9999 -9999 -9999
188.13 266.448 112.249 88.9949 157.38 75.1414 26.5651 139.399 271.219 258.152 142.472 285.255 268.044 336.098 48.9329 289.94 226.621 232.001 58.431 51.1781 125.538 18.4349 61.6992 270 239.672 97.2921 284.971 107.819 74.7449 257.949 260.972 217.539 143.931 237.958 343.532 81.8699 287.021 276.843 121.852 38.047 123.05 103.602 108.435 266.281 110.649 37.0644 225.347 192.851 128.711 305.538 176.169 94.7213 146.535 97.8533 261.254 144.211 99.3602 143.531 251.565 146.31 279.162 0 -9999 -9999 -9999 -9999 -9999 -9999 -9999 -9999 -9999
28.3262 222.626 204.076 26.9958 191.31 197.354 171.957 125.538 217.711 260.538 194.427 174.928 270.913 181.837 40.1415 151.336 285.408 71.2001 52.125 110.764 45.903 7.48504 80.3176 301.815 236.68 55.9159 103.276 33.3407 41.4237 323.746 268.325 251.157 68.8952 245.556 267.194 152.354 55.1543 264.908 47.3641 167.841 79.2756 123.311 97.9718 272.428 102.418 78.3885 30.3311 230.404 113.682 177.845 229.21 112.49 151.39 309.872 252.084 10.6197 100.008 0 9.8193 170.134 243.435 -9999 -9999 -9999 -9999 -9999 -9999 -9999 -9999 -9999 -9999
169.509 239.191 114.558 343.179 74.4454 275.826 262.569 272.386 164.124 25.0894 341.565 164.663 78.5816 13.5283 267.709 193.878 300.635 91.9749 69.2277 93.0877 355.525 140.492 93.1798 112.891 219.715 146.31 266.634 269.465 81.4309 285.945 247.38 208.413 178.21 46.232 339.015 14.1723 56.5922 347.471 234.08 6.57877 37.0534 196.011 277.753 144.762 52.3738 53.427 201.485 95.0796 115.923 61.5571 105.327 31.6608 149.036 14.0362 255.784 103.878 330.068 268.363 128.991 55.9111 308.29 -9999 -9999 -9999 -9999 -9999 -9999 -9999 -9999 -9999 -9999
245.674 323.556 53.9149 162.801 66.0375 256.701 65.671 53.4034 7.07354 145.305 109.418 243.225 51.009 338.962 221.121 126.549 292.706 88.1913 198.435 70.7693 173.936 18.4349 90.0683 6.84277 249.986 141.049 267.429 266.139 27.435 44.2748 159.444 156.117 278.13 339.944 330.945 20.0261 6.63251 65.6661 278.783 172.476 140.944 94.0214 212.276 146.374 152.725 156.907 155.674 40.9351 169.177 311.135 5.94948 40.7205 231.934 21.075 284.036 183.814 317.726 286.26 247.109 119.358 -9999 -9999 -9999 -9999 -9999 -9999 -9999 -9999 -9999 -9999 -9999
-9999 -9999 -9999 -9999 -9999 -9999 -9999 -9999 -9999 -9999 -9999 -9999 -9999 -9999 -9999 -9999 -9999 -9999 -9999 -9999 -9999 -9999 -9999 -9999 -9999 -9999 -9999 -9999 -9999 -9999 -9999 -9999 -9999 -9999 -9999 -9999 -9999 -9999 -9999 -9999 -9999 -9999 -9999 -9999 -9999 -9999 -9999 -9999 -9999 -9999 -9999 -9999 -9999 -9999 -9999 -9999 -9999 -9999 -9999 -9999 -9999 -9999 -9999 -9999 -9999 -9999 -9999 -9999 -9999 -9999 -9999
315 259.651 116.372 357.075 39.2894 250.602 7.24451 290.982 93.1798 26.1364 328.517 281.624 42.4664 340.038 279.92 250.641 116.917 25.8664 301.43 3.75173 81.7668 114.078 115.294 33.1785 231.459 203.405 320.268 236.31 61.1443 134.236 15.9454 119.055 188.902 273.24 321.658 330.436 300.665 337.874 271.027 131.576 110.732 95.5142 57.0023 129.56 111.696 96.7662 251.565 356.07 96.9811 30.4889 93.8141 305.036 273.18 122.335 214.695 149.036 333.435 349.249 78.2544 98.1301 -9999 -9999 -9999 -9999 -9999 -9999 -9999 -9999 -9999 -9999 -9999
205.105 200.349 66.3104 99.2645 42.8887 288.435 214.351 230.361 3.94519 86.2277 11.1408 268.216 133.201 62.468 255.788 20.1858 347.433 319.248 251.565 67.1903 96.7098 100.039 157.805 201.801 186.605 7.72183 306.188 359.556 349.267 279.345 79.3151 35.1701 327.308 273.504 253.163 282.995 260.956 216.284 248.782 114.042 98.7137 146.379 201.132 155.659 75.9857 80.7183 70.4633 66.9149 268.94 55.6825 353.124 106.449 18.7334 104.3 328.339 117.897 326.689 272.816 78.6901 -9999 -9999 -9999 -9999 -9999 -9999 -9999 -9999 -9999 -9999 -9999 -9999
350.746 35.0362 106.675 35.1061 292.249 171.384 90 352.504 231.072 261.87 142.125 312.751 262.761 67.4551 69.8161 318.145 308.056 217.528 61.2602 61.6635 154.181 160.084 3.18825 85.4951 317.361 110.395 283.775 102.771 321.667 28.2016 6.24191 117.553 264.036 356.987 272.862 134.007 199.065 188.99 221.526 63.016 29.1859 74.6775 348.532 82.7291 104.723 87.1485 43.0021 173.66 259.587 91.9252 78.5193 135 93.8337 24.7174 116.222 308.884 292.981 128.437 18.4349 -9999 -9999 -9999 -9999 -9999 -9999 -9999 -9999 -9999 -9999 -9999 -9999
38.2902 55.6197 302.361 60.2551 319.145 316.239 22.4127 25.56 39.9306 276.208 328.517 149.37 273.522 305.069 84.629 287.507 263.032 272.015 268.04 97.7754 18.5825 309.495 31.6287 65.5193 105.524 90.8551 302.374 98.8974 149.931 257.661 82.5284 36.7872 289.209 288.435 107.166 70.5407 64.2775 205.404 254.604 169.155 87.075 54.5763 17.2352 85.0118 28.3008 67.2035 82.3718 354.546 255.964 177.029 116.996 36.3629 106.973 317.01 138.059 259.992 10.008 182.726 0 -9999 -9999 -9999 -9999 -9999 -9999 -9999 -9999 -9999 -9999 -9999 -9999
