Madagascar1218CLEAN/DATA/aspect.txt
ncols         251
nrows         471
xllcorner     43.217484268189
yllcorner     -25.606154098314
cellsize      0.029
NODATA_value  -9999
[rows 341 to 371 of 471, columns 71 to 141 of 251]
286.352 46.3639 5.04245 114.001 41.4237 -9999 18.0198 261.754 256.968 99.5716 241.677 27.4397 80.9476 286.928 40.6292 9.68879 318.552 105.588 282.402 257.619 87.9975 76.3995 298.301 190.784 308.991 65.3616 251.98 247.736 174.094 177.064 290.323 94.0283 16.5044 78.9174 282.848 84.6107 281.976 346.293 288.869 307.539 120.53 249.775 139.764 312.51 280.473 110.136 115.841 278.021 97.5684 193.736 204.299 169.953 105.994 227.466 47.4195 350.395 217.057 147.787 315 218.706 243.281 190.66 255.041 198.851 306.071 69.4059 307.447 312.37 46.9357 20.7723 35.8835
337.416 46.1573 0 18.7999 77.7995 -9999 59.7083 291.682 57.7146 155.829 265.486 226.884 292.218 94.8645 309.527 71.8008 72.6316 84.444 308.463 293.199 63.1038 0.763898 270.609 294.522 101.785 89.7335 60.7512 211.452 170.754 216.754 237.407 173.571 242.987 102.395 291.588 86.5107 344.604 61.5258 176.987 208.74 35.5377 165.379 150.124 261.87 283.54 352.337 146.753 283.801 341.792 296.565 314.579 13.7938 240.781 6.76239 52.3089 351.462 308.991 352.504 79.7349 66.8014 9.30994 240.217 178.761 185.075 276.591 133.701 152.398 233.914 114.23 82.0565 38.8845
316.388 65.4099 90 156.038 128.66 -9999 357.797 268.277 331.65 39.5281 227.193 260.855 270.47 55.1755 181.325 90 69.1932 87.1232 296.222 326.733 56.3988 46.4688 14.3003 243.435 111.801 335.659 358.299 18.0198 18.7413 357.879 246.105 236.061 280.84 56.7456 308.089 76.3287 277.386 47.1747 44.076 346.792 50.0636 349.695 271.397 29.0546 253.327 189.812 291.296 114.21 272.655 332.7 20.9657 16.9598 5.88739 256.643 67.7804 44.0504 81.6771 32.3914 67.816 5.59934 163.316 294.864 208.332 298.325 190.33 171.327 79.729 236.146 128.48 41.9872 49.316
266.757 107.939 55.2348 311.775 96.9702 -9999 303.178 249.397 239.243 273.806 313.229 283.551 251.676 80.484 275.906 275.389 75.9174 75.3731 45.7538 261.87 36.5966 344.407 304.196 249.417 76.2005 277.083 205.346 76.6075 280.138 66.2092 318.814 258.896 44.2152 27.6995 24.5901 72.0611 305.166 39.8056 38.047 305.487 71.131 48.3665 48.3665 286.04 318.662 164.982 340.141 147.496 218.791 202.461 133.173 253.581 85.4232 5.52754 26.982 276.52 6.5241 298.961 108.485 344.358 351.439 104.663 74.0265 28.7473 300.964 180.855 239.036 195.945 69.1022 266.949 151.049
227.268 100.109 75.6997 13.6429 121.357 -9999 265.515 211.419 264.806 259.706 43.7017 251.309 284.744 16.294 15.6039 280.601 43.5599 92.3859 345.819 86.9998 83.211 315 263.66 297.35 81.1582 284.84 193.637 217.304 298.35 68.7495 237.628 344.358 268.1 87.0892 309.382 59.6013 273.366 9.63754 8.97263 283.201 112.595 330.604 36.0274 340.201 65.7583 33.1197 297.902 77.5306 31.27 253.369 286.327 322.58 108.912 303.078 63.9486 353.034 53.2181 243.896 56.1429 235.713 250.787 99.8084 295.615 6.13968 33.0239 116.565 303.69 175.342 125.426 324.752 181.666
259.216 130.764 121.357 151.742 10.114 -9999 100.305 285.486 315 271.253 77.384 51.5688 234.422 204.347 87.2994 43.7546 29.4275 114.422 277.776 55.225 6.93435 79.1145 277.381 111.418 45 313.898 128.454 293.916 314.427 71.301 23.8952 17.3684 212.005 87.2889 351.254 67.4428 3.81407 261.394 36.1582 81.1761 32.9052 303.14 83.0189 239.281 285.015 282.782 137.726 92.8156 224.844 47.4963 35.7008 338.13 56.7051 193.966 190.687 287.28 90.4299 76.1303 249.105 65.2432 28.8557 246.546 41.8636 117.706 202.62 92.2026 83.3675 162.277 331.26 143.608 150.383
290.518 94.2364 86.4677 42.7094 310.003 -9999 1.88819 270.991 300.48 272.903 53.2759 78.6901 88.0251 258.944 266.6 262.725 254.148 62.6441 213.17 313.229 63.3636 76.7014 101.31 35.6335 29.3758 204.905 143.881 189.728 198.435 278.881 276.809 61.5961 289.148 348.453 268.973 92.6978 266.238 241.966 69.1022 70.7505 335.415 328.882 297.031 69.0343 253.791 205.525 95.718 55.2441 55.9648 122.833 225.484 210.792 57.5288 264.512 284.668 239.192 113.732 88.4365 217.688 276.892 96.3109 172.694 174.958 124.38 319.351 357.16 198.435 7.32641 57.3625 186.464 40.8564
198.741 274.986 29.3681 13.6713 299.085 -9999 74.3183 273.706 272.017 275.932 245.1 87.0157 6.88172 28.6861 209.238 136.498 168.959 269.861 333.48 265.99 80.6852 56.2059 314.119 21.5139 95.6999 305.707 55.7843 26.5651 237.529 229.615 335.308 259.527 119.055 337.058 61.4361 36.1666 27.3777 88.3662 306.085 27.4076 286.765 348.232 318.219 64.7989 327.095 28.0621 233.369 64.7818 193.019 168.139 306.747 77.2702 233.223 261.605 39.6172 296.464 59.2698 307.683 21.6289 252.924 111.08 205.56 315.818 124.992 334.075 45.5355 296.35 324.66 69.092 32.2077 72.5807
190.582 256.112 172.753 73.7676 94.7079 -9999 45.9167 235.368 261.87 204.092 222.138 82.0565 264.174 65.3016 319.175 223.531 220.462 237.468 9.24611 28.0179 302.661 75.3224 294.651 17.7447 74.3175 62.4027 76.7989 34.6952 170.538 218.66 256.881 265.255 261.961 115.594 52.125 7.59464 83.1909 104.579 270.539 248.521 10.184 308.157 358.868 35.8139 249.298 80.6229 237.902 55.1247 185.328 184.923 320.218 59.8995 29.2396 261.782 44.6386 183.991 153.08 305.61 81.228 291.038 91.8224 52.1566 310.376 24.6916 290.111 253.072 169.319 165.192 166.662 88.0251 139.525
319.216 37.1309 277.021 339.775 96.953 -9999 57.6086 256.019 42.9546 307.954 277.201 293.54 282.882 93.897 303.111 67.2778 308.418 287.676 212.471 211.895 275.113 52.9356 323.427 233.695 84.3405 100.62 11.3099 67.4794 229.014 264.936 251.162 193.885 250.615 130.914 148.61 173.718 165.744 2.46282 247.954 237.171 201.598 0 310.186 344.629 315.733 253.078 74.6384 285.05 285.998 54.602 269.89 147.189 70.4446 280.829 260.858 54.9135 66.5793 267.603 70.824 281.023 13.5658 16.5603 319.48 80.3739 170.025 277.341 21.3093 72.5585 15.0341 176.112 119.151
254.416 60.6583 346.264 21.0375 318.468 -9999 97.0543 260.025 54.8658 258.056 234.836 212.179 52.9508 80.5377 266.878 70.8664 66.0838 55.9807 244.411 157.452 344.055 306.549 69.7069 24.7964 73.9721 291.801 86.1859 23.1986 302.471 307.983 166.675 309.616 356.669 272.121 110.323 255.591 207.646 315.179 222.917 240.005 285.35 289.537 335.901 249.146 31.8965 318.141 69.4931 337.694 264.816 49.4474 281.019 97.1115 69.4737 282.679 312.741 31.3776 44.9628 304.325 75.4157 30.9129 303.635 69.5476 141.436 99.0833 347.412 96.4698 15.1885 22.2906 298.517 44.2871 20.2668
268.095 19.8587 340.894 296.704 312.51 -9999 60.9454 279.879 57.315 302.437 71.565 300.217 247.852 70.7019 37.5284 19.8552 34.1822 264.019 255.12 313.869 15.1595 300.964 63.7818 48.2381 115.498 326.497 75.3432 72.1351 95.1944 303.996 347.367 287.312 272.796 306.347 96.4146 255.118 273.669 131.181 349.306 298.031 251.153 191.123 223.568 85.4951 136.66 173.702 336.393 1.40863 136.332 220.874 285.018 195.565 203.029 242.658 263.218 71.2531 289.277 41.3698 51.511 164.584 183.31 157.909 39.3532 313.636 36.8699 250.301 111.402 107.776 343.282 335.389 63.8582
304.98 52.4703 49.6063 318.111 146.936 -9999 321.496 260.134 342.181 287.592 314.145 294.55 297.947 77.8236 40.832 21.9911 293.607 355.407 55.6568 281.562 45.3131 324.978 91.3479 102.082 24.0151 8.6428 65.0606 68.6294 105.945 257.55 271.701 281.834 292.805 207.041 133.888 229.038 271.276 115.546 172.515 276.843 243.643 265.352 121.564 209.578 240.614 233.957 105.068 290.171 90.6063 173.774 265.693 266.424 339.399 338.127 289.09 242.183 337.38 133.936 159.868 155.75 258.831 116.514 183.835 149.991 227.475 224.174 16.5348 3.57633 153.518 168.644 111.997
352.039 274.44 106.189 292.036 20.2249 -9999 91.3426 295.292 281.863 51.2463 270.988 318.842 299.249 53.2759 58.4732 274.004 290.364 246.937 81.201 226.459 229.059 294.696 108.305 329.128 66.2505 59.436 32.6609 116.896 58.2405 264.987 266.455 279.879 138.468 249.52 57.308 167.217 232.681 279.265 280.923 257.619 270.531 114.137 87.5104 57.4419 263.089 302.761 232.067 144.169 71.6117 81.3394 248.784 157.642 265.518 130.066 231.296 230.64 219.854 101.67 61.2021 80.6679 247.819 180.15 33.4064 84.9498 190.081 261.305 202.682 201.981 38.5044 24.4129 141.009
268.701 238.533 52.882 273.013 316.637 -9999 316.234 288.435 249.6 214.467 295.844 252.269 281.208 283.903 234.462 339.015 29.859 246.297 77.9694 276.654 259.554 191.929 55.7204 75.4219 25.1679 81.7772 89.1616 100.222 127.648 295.145 250.168 245.608 187.431 207.897 327.779 90.507 291.113 315 326.822 347.057 158.382 141.294 236.562 107.38 277.493 258.203 113.381 85.554 118.496 298.578 156.801 48.6522 301.53 147.684 197.566 289.647 76.4695 138.533 73.6286 163.921 243.771 243.778 210.551 47.5871 57.2115 196.809 214.088 221.716 134.072 177.125 88.3383
270.148 235.362 83.7179 150.038 187.267 -9999 273.208 5.19443 65.0715 322.253 296.816 318.18 304.54 278.673 230.44 104.995 228.945 216.069 80.0316 13.8514 263.29 151.336 240.88 56.8722 328.633 71.9254 102.995 84.1737 92.8624 301.608 272.726 191.915 185.194 233.746 231.051 88.0251 275.583 272.964 225 277.85 286.964 60.1179 241.036 99.6444 251.851 253.383 179.263 100.62 129.847 222.93 260.617 120.141 161.287 158.962 243.765 256.54 201.967 112.198 196.463 125.249 158.871 209.745 231.997 116.03 47.5769 27.443 351.314 215.059 159.525 147.025 172.147
248.741 244.491 80.0087 67.8045 278.717 -9999 221.864 336.477 284.331 287.939 321.677 127.875 255.256 146.962 246.125 107.393 119.249 222.969 273.483 214.34 127.042 102.501 264.71 160.074 54.2726 62.519 23.7387 94.2538 268.831 335.427 65.3949 122.829 165.018 132.207 255.141 218.752 273.366 178.214 233.448 170.311 174.517 125.176 194.036 165.018 186.953 208.129 244.815 174.699 115.236 79.1521 49.6859 25.821 34.0821 69.6372 333.616 252.464 261.098 144.438 62.9908 232.658 266.572 130.28 209.539 113.806 264.695 68.4287 40.6648 122.164 44.1253 260.91 309.753
64.6538 254.128 135.527 109.546 294.534 -9999 302.362 86.3785 313.238 273.535 270.95 245.323 220.649 167.969 205.346 120.809 135 249.228 121.329 249.934 176.795 83.5854 184.338 137.726 238.36 84.4725 269.512 63.699 248.895 281.125 70.9308 142.472 180.855 170.838 35.2476 183.311 277.125 20.7941 122.471 238.309 141.483 144.54 78.4763 306.87 49.2588 20.474 35.1747 40.6013 282.783 91.5246 84.1145 340.141 259.992 52.8831 213.954 274.748 273.45 114.142 166.479 230.421 226.538 239.744 200.714 81.1142 262.694 49.3987 93.9217 346.808 316.948 8.79054 1.99457
238.134 287.281 71.6208 78.8351 299.213 -9999 219.732 312.23 256.759 278.041 313.363 186.667 231.34 146.129 118.465 124.634 312.026 176.698 166.607 230.242 145.008 209.407 348.879 313.968 278.715 242.526 103.339 115.409 82.0107 225.355 94.8022 39.2072 24.9048 323.722 57.5288 217.147 229.6 153.435 95.9645 233.584 252.121 135.895 268.668 249.513 43.2643 219.403 205.891 288.056 268.681 325.437 37.0048 282.758 63.5954 264.094 15.3833 290.956 245.503 56.9616 97.5648 166.535 313.958 227.726 230.477 115.637 223.872 28.5746 60.694 18.9832 318.196 6.76617 286.22
331.35 276.049 102.995 77.3474 273.565 -9999 289.87 308.517 271.153 179.31 212.905 293.199 94.4608 239.604 99.3447 111.297 188.13 277.595 161.565 203.629 316.193 278.591 192.339 211.278 33.6901 238.707 35.0738 43.3203 92.9918 290.191 343.664 74.8091 63.0343 188.746 359.37 76.373 80.5377 14.0362 145.305 287.723 157.694 165.5 332.457 288.567 320.599 279.462 255.677 260.995 281.246 325.421 131.698 231.689 234.051 132.872 238.984 291.105 208.562 120.163 164.427 264.305 149.036 232.765 291.924 88.7127 349.955 164.745 106.049 23.4254 66.9149 120.51 217.711
278.686 51.5647 203.629 34.8457 275.798 -9999 315 248.962 234.904 291.854 291.695 246.371 104.621 257.542 153.122 139.014 227.862 327.995 337.834 0.855097 186.45 235.389 293.443 229.667 275.807 57.875 273.417 74.3611 21.9519 50.4038 227.072 74.5149 60.0685 319.844 259.321 59.7436 293.459 68.863 156.801 234.904 125.218 290.225 330.154 315 319.934 29.5998 198.464 190.133 210.903 225.739 93.9767 236.056 325.685 313.6 188.706 163.337 250.749 130.468 78.2849 124.592 289.923 116.928 20.4223 117.665 225.647 79.8753 13.4154 200.944 114.775 151.991 334.502
303.164 85.7445 277.516 178.995 279.638 -9999 307.194 116.862 208.909 271.701 140.042 254.745 143.259 245.48 155.647 316.023 333.988 351.027 197.526 163.787 202.797 190.491 222.979 222.241 160.71 259.38 294.829 77.8951 67.4359 55.0607 251.565 66.0032 287.309 119.876 112.949 101.31 289.142 102.067 45 75.9638 331.39 222.728 237.44 150.408 266.481 99.1623 331.495 10.5208 10.2568 286.572 85.4991 179.673 270.428 254.5 180.909 158.38 207.139 319.293 48.9239 77.7352 214.629 259.838 139.979 152.057 214.695 294.007 87.6023 154.93 277.481 70.56 5.52754
321.635 80.1209 41.9225 350.942 259.349 -9999 188.616 73.2374 267.78 281.104 125.707 203.552 306.254 182.121 187.651 196.869 158.273 325.62 339.905 228.814 0 193.109 284.349 204.567 283.861 287.613 132.639 36.5525 75.8542 347.873 253.301 234.759 87.9944 140.528 18.8247 298.426 263.565 96.3694 12.2648 8.84181 90 260.538 215.149 157.567 310.301 342.181 190.249 187.183 159.867 333.246 114.59 85.8949 263.565 174.987 275.906 327.095 309.835 315.736 94.0513 153.435 27.8973 179.556 307.875 134.549 237.529 44.6506 86.4576 114.076 194.153 95.0241 219.644
196.523 179.091 113.703 80.1664 263.726 -9999 192.44 178.285 266.399 227.921 170.727 349.992 327.171 313.919 305.256 19.44 32.3196 277.524 199.722 151.557 317.936 259.38 158.499 206.996 249.864 200.799 131.76 309.806 88.1913 5.95536 66.9339 224.751 176.634 84.2894 292.62 238.285 278.653 83.9162 184.635 207.474 147.095 108.435 171.469 256.264 168.44 283.811 357.94 190.751 261.898 236.275 95.5412 108.75 177.558 170.665 352.875 322.765 254.038 222.616 112.275 54.4623 276.953 289.073 262.621 296.952 211.293 184.899 300.466 359.269 47.6542 98.7462 93.7586
160.324 205.017 257.672 11.3099 123.69 -9999 175.914 326.56 315.441 335.493 303.69 339.167 243.853 225.83 192.426 232.853 158.962 213.311 284.931 169.695 177.274 220.236 328.761 154.026 171.254 200.12 278.13 319.456 66.2505 306.356 60.3264 57.3391 270.782 81.1507 66.1435 83.1987 336.286 136.79 61.9908 135 237.381 57.2251 8.1301 217.614 285.593 171.87 355.416 325.886 234.917 275.826 71.7586 59.4703 173.431 235.87 137.213 99.7471 191.041 205.269 214.216 146.689 305.838 157.834 176.82 126.119 63.4349 344.358 28.7398 94.8321 119.737 143.236 88.4725
93.1397 149.589 71.0378 136.941 253.811 -9999 142.374 315 291.371 349.695 278.13 242.241 60.9454 237.724 254.358 214.38 167.005 192.095 250.463 288.905 338.025 86.4965 184.994 292.751 340.71 342.719 28.6731 290.145 254.116 313.435 183.468 72.3643 230.412 12.7111 89.6397 354.369 260.318 21.1274 64.7468 37.1998 188.746 151.074 148.325 244.654 49.9697 257.361 204.627 118.453 237.926 262.9 73.0775 72.646 225 244.316 80.5377 83.6598 246.557 178.766 206.768 85.0303 230.315 159.555 206.565 98.8418 309.289 145.697 2.00955 170.816 89.7178 77.4712 269.397
152.85 185.08 92.3859 123.111 70.0169 -9999 168.69 7.59464 302.242 312.879 242.835 196.699 237.529 214.695 140.332 252.699 140.013 229.399 219.806 268.531 182.779 140.254 283.671 276.34 280.505 113.749 104.036 32.1957 277.242 273.106 71.4445 109.268 91.7357 250.675 74.6418 307.282 1.97493 268.448 39.0626 55.9541 71.565 119.055 37.6942 218.418 242.65 215.407 186.953 252.854 275.677 232.384 80.3188 59.0362 167.829 239.335 37.2348 56.0409 277.605 129.155 264.063 173.66 286.26 7.43141 339.444 75.0686 315 90.7252 40.0063 87.9985 231.17 241.699 100.814
210.964 197.286 140.492 252.392 128.089 -9999 260.816 235.125 172.03 212.196 258.871 193.393 195.68 167.276 173.904 225 323.13 339.193 252.031 173.012 133.698 209.982 220.914 184.145 196.246 150.524 117.553 125.87 263.83 235.814 218.695 23.6688 70.5501 225.597 100.21 351.509 84.0284 228.659 39.5362 32.9052 45 63.4349 100.823 22.8337 200.624 200.4 151.26 158.385 219.428 256.018 202.443 145.539 128.991 350.46 76.6572 74.0546 222.91 218.991 122.969 72.4626 315 107.56 274.635 49.0856 337.249 184.764 268.668 175.815 198.435 179.635 112.504
110.943 115.86 126.87 230.711 98.6428 -9999 292.501 261.614 231.71 244.938 289.654 151.032 212.735 295.201 237.875 163.46 195.642 151.858 170.154 203.908 278.13 241.39 168.69 116.565 177.346 180 169.912 149.826 300.651 183.668 243.905 181.818 41.7175 68.3049 41.8202 279.629 65.7256 45 279.064 39.7071 81.486 7.25319 36.2538 242.959 35.7539 7.30576 336.14 59.0362 15.2551 251.125 103.392 11.482 150.945 188.807 186.727 310.786 4.76364 265.914 38.0978 212.589 222.51 348.69 342.474 244.885 253.355 342.759 38.8845 68.5112 88.5498 119.219 200.681
162.192 130.764 185.44 92.5638 175.662 -9999 255.964 223.741 275.659 186.736 176.795 161.565 202.166 191.659 227.231 200.606 219.289 151.128 335.323 305.134 342.3 85.6013 286.654 335.171 25.448 338.552 247.087 156.038 225 345.379 193.707 247.218 50.9693 64.9574 259.632 259.604 6.43001 50.4813 262.569 218.888 53.7963 305.352 55.4915 64.9831 135 351.158 349.077 315.807 138.909 277.021 65.9325 69.0343 140.08 131.186 158.682 200.225 257.735 22.7334 233.366 69.2277 286.504 1.08092 329.036 337.068 64.0935 34.3461 354.216 312.594 216.87 11.6593 352.082
82.7757 195.852 261.347 165.556 261.327 -9999 283.055 323.94 309.289 306.973 114.775 197.176 145.305 184.399 163.951 299.667 332.7 275.528 297.525 75.9638 280.008 5.19443 21.1247 244.573 72.5528 303.311 327.095 228.013 203.443 212.062 311.82 25.8664 60.3113 105.891 276.088 50.0131 286.39 51.7015 36.0897 217.826 32.1469 24.0033 60.5159 50.2395 105.642 154.983 98.1301 184.461 293.331 60.8915 206.131 63.1219 204.444 81.4309 261.87 38.8746 300.069 148.315 283.173 21.6148 258.69 247.036 138.27 74.31 154.026 358.047 110.186 77.7352 77.4475 157.38 116.259
