Madagascar1218CLEAN/DATA/aspect.txt
ncols         251
nrows         471
xllcorner     43.217484268189
yllcorner     -25.606154098314
cellsize      0.029
NODATA_value  -9999
[rows 155 to 185 of 471, columns 142 to 212 of 251]
317.526 108.435 51.009 266.348 15.6936 13.3351 244.217 195.255 215.838 311.634 234.752 305.395 15.5241 11.3099 201.776 176.691 177.845 69.2048 38.1363 340.583 308.726 67.0398 256.804 234.77 75.5444 46.9092 93.8141 29.5537 245.618 304.695 335.837 273.094 17.9528 215.293 245.266 261.052 139.02 258.782 199.609 319.955 231.34 277.963 242.948 212.471 311.566 240.739 346.908 210.964 137.658 343.578 185.464 114.444 56.8887 196.429 122.471 37.4054 95.4969 347.816 129.094 94.4608 36.6456 349.915 168.585 199.253 45 218.29 160.408 83.1076 188.13 61.4293 184.399
293.459 9.92625 92.1211 201.501 251.768 221.149 339.281 12.0948 357.797 9.46232 298.799 294.965 250.359 198.024 346.739 291.881 8.24515 238.758 299.224 27.6691 265.759 231.34 121.08 279.873 150.617 134.212 48.1221 27.7585 76.6075 0 218.938 87.4552 54.6861 63.5309 205.145 282.468 321.81 61.5439 171.254 323.297 4.00849 20.4879 308.166 306.085 136.591 353.565 103.935 125.916 259.237 110.277 190.008 165.343 190.823 210.069 34.8245 129.551 117.181 233.616 253.507 62.8189 165.466 139.185 272.411 205.961 281.31 186.921 121.232 225.818 299.055 97.9696 244.075
294.274 298.974 5.09211 267.274 330.208 216.404 204.597 232.815 294.146 48.8655 330.827 0.381966 25.0366 308.271 26.3154 251.565 53.3544 8.20594 337.834 75.7627 289.075 270.412 67.1177 76.8718 62.8787 133.741 32.6806 251.893 58.8847 10.3487 314.068 268.423 150.574 67.9993 323.13 271.544 0 91.7515 296.105 309.209 108.194 293.246 178.911 272.878 277.361 157.484 111.204 358.431 92.925 49.7309 354.245 348.311 19.7045 358.622 149.036 20.0452 73.3008 48.6329 47.8202 340.055 1.91495 55.5518 196.913 150.101 179.403 109.316 302.471 29.6237 112.457 69.7751 120.018
25.6259 256.691 9.83356 298.009 298.47 56.3099 326.482 205.735 158.344 249.286 206.136 282.836 52.7403 51.9977 227.393 199.594 339.174 341.565 246.105 106.064 329.826 12.5288 82.875 110.274 140.371 344.547 269.145 356.84 96.4761 86.5167 224.029 308.125 125.735 119.667 214.773 143.387 261.415 71.4157 99.5829 245.175 170.228 151.422 332.123 333.52 82.5789 237.273 342.493 20.1795 36.4692 97.864 66.9487 63.4349 135 134.576 80.0362 143.236 334.544 337.295 141.144 153.664 155.056 141.34 83.8972 337.249 176.214 92.6943 320.315 191.698 91.6181 210.16 120.624
335.772 85.2921 300.399 294.386 298.301 22.3194 223.059 299.249 284.036 192.221 221.766 308.975 94.1815 11.7605 301.278 7.60286 183.681 195.164 342.512 82.9374 32.6609 191.31 144.646 128.681 325.916 114.91 45.8069 309.837 93.3665 19.2744 26.222 236.222 221.055 207.255 192.529 186.054 153.534 245.084 285.918 140.782 289.733 294.184 230.711 255.222 355.855 54.5259 321.818 81.8699 42.8321 35.9097 333.435 348.085 44.4327 71.1616 346.239 287.865 287.418 157.043 131.794 163.496 189.708 104.37 311.154 287.6 174.144 288.435 177.879 122.905 129.588 258.951 17.049
208.652 336.038 290.606 321.226 127.875 328.496 276.953 332.307 194.115 256.159 257.33 210.29 31.1527 346.546 302.521 345.964 349.448 289.776 245.484 315 17.4328 338.199 80.7853 353.878 174.657 92.4366 19.6223 297.224 65.3583 77.2288 302.347 356.82 278.471 317.684 77.9694 28.3008 316.52 31.271 41.466 16.9275 135.573 149.601 277.39 174.883 249.944 97.1345 21.342 135 71.2692 305.789 43.5881 51.009 113.552 3.81407 346.896 328.016 323.561 354.637 0.503212 55.8673 247.791 75.8415 34.3397 22.69 78.3106 295.71 76.0717 149.036 150.422 86.7603 129.92
304.287 55.6197 260.47 18.699 17.7839 278.427 246.595 100.305 198.435 152.199 333.246 260.108 198.046 251.194 356.161 198.163 2.56377 315.466 306.933 281.575 276.624 118.379 41.5093 130.831 24.7751 304.677 302.181 320.738 24.7273 354.668 14.0362 282.724 210.132 353.928 68.4287 317.603 187.38 172.823 186.259 229.047 110.826 335.488 279.791 326.399 36.4088 73.1825 206.669 79.9118 128.618 31.485 39.7131 9.1046 306.927 20.6063 322.921 282.095 325.008 12.8937 115.682 72.8536 164.997 121.675 141.892 201.666 143.531 156.41 125.036 329.036 325.069 12.2005 147.693
247.964 36.7644 271.437 60.8657 33.5034 230.44 293.199 7.05785 328.496 268.891 218.591 14.3465 238.851 262.443 15.6422 354.289 239.421 30.6507 328.478 350.134 357.672 150.868 133.101 111.165 321.743 97.786 69.3994 247.62 52.4716 76.4521 52.275 270.957 135.988 281.424 148.606 178.264 116.565 140.356 163.843 302.407 126.41 244.001 218.806 183.731 150.803 78.9174 99.8113 2.44705 238.478 53.6525 346.701 26.417 22.7704 310.684 233.695 359.594 10.1247 23.8539 25.1511 353.266 136.507 95.0215 68.1376 14.0362 36.1745 90 129.472 108.947 260.218 114.52 353.53
316.953 230.957 277.39 39.8056 318.576 30.0686 182.49 163.217 336.038 284.036 285.542 230.412 288.554 230.184 205.408 155.493 282.339 221.547 196.763 146.87 218.437 69.5395 117.413 31.2305 283.438 74.3486 82.9835 311.668 83.9483 154.708 89.2655 278.231 85.6489 12.8477 233.054 326.394 350.526 3.74826 29.0546 14.0362 344.539 235.963 73.7931 266.079 315 70.3462 108.435 153.435 69.6769 153.853 203.199 207.897 126.793 153.435 300.7 172.011 151.148 142.155 173.726 85.6013 32.5635 77.9052 73.2122 76.104 171.674 135.843 0.924045 91.273 312.51 203.927 184.018
87.7852 229.276 294.744 47.4896 325.408 30.3987 71.565 163.74 43.6361 328.241 335.171 267.117 274.41 53.0482 200.48 267.181 232.878 329.708 329.763 354.207 114.937 68.4143 8.20235 33.5729 285.694 105.564 66.5248 225 346.535 37.1553 54.4623 288.435 79.7999 70.7743 243.712 212.989 236.326 340.796 38.7213 350.776 266.009 79.23 151.974 175.566 332.354 337.62 57.5288 53.5308 22.6199 142.539 336.231 176.634 294.6 95.7626 149.036 177.758 135.175 123.179 198.866 212.125 26.7829 87.9925 5.53561 20.6357 33.0125 5.90614 131.272 122.471 113.334 358.862 21.4477
19.2593 292.504 301.383 103.57 306.741 136.958 38.1572 307.875 35.7067 50.1944 301.866 214.919 195.651 257.548 340.519 331.742 276.459 229.806 247.62 215.293 207.3 85.2551 334.718 72.2842 143.604 155.318 78.3263 299.072 164.019 153.175 36.7733 320.782 55.2651 105.751 344.745 314.384 11.1607 251.743 1.04706 55.3575 281.449 56.6115 268.655 300.964 195.704 334.699 68.8387 343.053 277.306 346.908 2.29061 331.699 253.283 143.489 53.9806 106.575 145.561 184.214 63.8247 215.923 239.853 55.63 35.0738 288.719 125.433 185.418 61.9598 245.556 95.1428 156.224 140.077
324.552 8.49273 321.26 26.5319 341.142 55.7843 324.593 334.983 85.1009 107.526 200.854 263.558 50.4 356.688 252.795 52.3647 264.898 317.239 333.211 359.655 332.057 283.736 51.2635 49.5618 314.33 355.547 341.307 120.511 152.559 292.766 60.4077 321.483 60.5463 327.095 302.43 8.1301 223.544 18.2096 266.679 21.1005 300.154 98.1792 291.251 271.444 295.934 182.121 192.995 40.4261 243.435 207.777 194.744 85.3645 42.3974 29.9911 166.097 135.656 219.071 262.684 130.757 291.161 253.314 181.925 136.818 143.037 88.9122 17.9367 267.82 282.724 121.345 178.798 96.6437
287.892 328.829 222.096 235.386 8.18135 95.1944 76.4079 213.408 52.275 276.116 8.34389 233.13 254.413 289.116 287.478 86.159 321.226 240.119 279.583 290.158 225 154.44 64.5731 104.133 238.851 287.589 37.7757 113.318 64.113 325.8 18.7084 304.695 101.032 347.504 259.658 108.087 242.6 286.153 297.098 76.9384 226.068 197.071 235.934 234.752 220.556 240.068 110.225 195.255 343.009 107.784 332.057 203.749 265.855 165.571 357.879 144.008 107.241 216.716 84.9536 201.93 181.996 227.732 106.227 190.633 242.281 115.946 166.729 296.565 155.97 111.571 189.345
340.194 241.911 6.96669 224.762 69.051 5.48756 71.4558 68.3109 356.424 78.3263 293.623 307.06 237.98 217.342 275.845 119.678 30.1916 286.887 236.768 261.469 351.444 330.945 315 77.8721 95.6144 287.269 87.2574 111.48 322.705 237.672 13.6308 76.3955 210.466 265.236 43.6521 343.926 295.756 11.0937 73.0725 200.41 138.434 237.609 135 12.9946 265.601 222.594 153.997 166.547 175.992 52.485 266.76 90.4658 37.4054 333.838 69.2958 129.406 85.4967 345.174 146.053 350.993 266.572 27.6832 74.4385 180.774 235.768 147.209 105.736 312.89 357.879 13.8407 52.386
43.0495 304.296 103.627 0.232593 293.672 110.931 117.784 70.3129 135 270.988 298.26 54.5452 270.487 319.558 329.954 357.852 28.6265 13.707 350.563 201.826 168.996 231.71 176.634 233.575 53.9198 247.88 98.3214 120.872 348.151 81.64 195.945 75.6705 65.9245 357.064 59.1133 237.556 202.674 174.444 201.357 282.894 163.831 193.782 72.9987 85.9144 251.709 266.384 196.294 264.094 178.069 317.033 88.727 116.565 10.1755 141.442 75.5692 78.9965 38.3498 291.625 348.433 132.341 252.878 218.199 123.155 150.524 283.276 168.518 92.663 252.719 1.23641 128.571 107.447
241.942 325.291 302.176 322.797 312.654 53.0499 346.472 110.989 105.593 346.322 174.491 247.256 298.311 178.034 230.194 228.576 209.784 57.4543 277.472 95.1104 18.9111 334.148 256.608 301.792 32.3914 348.759 103.227 337.073 160.213 108.638 247.209 24.1756 1.4688 23.8059 264.084 314.206 14.147 334.041 68.4986 66.8014 224.623 55.8501 217.122 66.3369 201.894 158.344 194.275 335.158 184.086 274.456 179.513 322.927 225.634 169.992 62.1137 290.516 20.5845 1.09469 182.823 51.6325 109.929 316.772 64.749 358.112 2.2578 1.39718 64.4538 227.886 115.412 183.759 160.001
212.729 141.494 57.4582 260.937 1.59114 67.5218 354.768 77.8687 303.637 309.171 264.094 284.19 150.928 209.249 214.375 206.251 217.655 229.219 278.471 182.291 331.504 241.356 326.31 13.2764 352.057 69.5816 58.4218 100.069 45.1358 9.01932 240.086 151.631 26.3233 279.958 215.38 255.014 216.817 49.6433 200.966 198.435 112.694 220.236 275.648 235.751 133.29 158.749 296.878 223.531 106.699 291.038 254.358 165.056 233.512 245.659 152.354 17.7713 126.169 97.5614 141.667 254.52 338.019 340.664 126.648 172.569 311.802 149.597 106.621 80.7131 109.628 274.086 13.8049
40.573 300.747 246.617 1.98062 287.571 122.33 132.482 196.699 294.228 264.107 47.1966 36.3475 300.964 178.025 188.791 101.14 224.557 240.291 245.833 330.216 295.168 311.236 313.182 347.8 14.3227 84.5922 76.4217 113.334 34.0256 61.9406 0.927786 84.2894 341.668 51.1964 64.1581 314.293 203.49 241.401 63.7413 60.3501 357.979 225 64.3698 168.147 291.801 210.677 6.14663 331.892 222.591 177.938 239.23 119.805 313.409 125.34 103.962 267.026 85.8023 98.8733 117.531 155.433 158.072 182.746 121.134 274.764 112.634 157.122 312.663 119.884 313.55 72.7283 285.356
167.721 271.173 190.161 280.524 68.438 139.88 128.55 69.6236 238.532 276.828 179.556 191.712 240.412 56.0287 273.331 110.886 106.699 180.266 281.366 237.095 214.038 185.906 50.8774 222.639 164.055 58.7695 98.8283 82.8228 122.389 71.565 198.693 283.158 41.1859 12.5983 16.9553 26.2459 20.7898 296.387 283.582 80.7539 156.371 344.745 175.872 37.321 244.654 49.9544 236.379 145.646 97.9801 158.611 224.755 175.715 243.199 79.9025 108.72 234.698 22.8924 63.2339 333.435 224.589 142.036 216.536 81.5014 219.508 98.1685 10.4915 51.961 27.3156 137.427 262.74 102.486
272.843 86.6487 286.863 7.49586 93.8822 92.8873 349.056 50.8696 1.8029 9.2026 322.229 353.392 86.1093 210.536 214.499 133.512 281.586 290.643 205.549 259.926 141.984 199.609 222.325 226.061 11.482 52.125 67.7064 38.5713 71.1139 52.1972 268.418 267.019 334.522 346.799 81.7441 64.6538 99.7132 176.371 191.634 34.7778 340.71 35.789 77.3196 274.939 43.0114 150.509 358.57 55.2169 21.6232 49.838 61.5797 220.498 202.842 115.201 149.271 122.205 215.781 353.27 49.5364 4.83563 110.394 121.931 180 132.479 159.444 293.649 130.707 121.706 107.676 184.092 173.312
276.064 341.477 314.528 318.576 75.2801 55.7459 126.671 31.7014 43.9696 64.8365 200.805 280.821 153.72 218.282 312.241 291.61 293.199 347.403 115.18 242.659 122.759 258.707 262.771 200.699 213.754 140.449 358.264 75.0686 355.374 29.2488 306.751 351.87 2.91084 290.898 97.6668 247.239 118.72 292.891 198.625 125.34 320.961 41.8501 281.611 359.789 223.898 1.15733 242.775 45.5572 51.5999 304.38 308.53 16.8518 305.789 163.511 93.7794 25.0927 205.281 267.317 127.669 208.377 150.255 359.346 19.0189 39.5445 146.104 108.189 346.759 8.95479 251.2 151.771 288.789
317.102 325.469 340.253 129.524 150.34 79.2026 103.392 298.794 17.1197 50.6307 65.3231 307.23 352.47 167.931 128.346 166.264 270.193 189.895 109.504 260.893 182.964 284.434 174.569 203.563 226.623 222.667 127.265 202.51 226.273 97.125 134.474 137.322 237.492 210.719 80.9421 79.1458 104.534 302.264 276.34 228.945 115.178 293.118 312.849 9.91162 20.6661 319.946 70.2777 267.408 56.5115 252.911 49.0593 66.4729 156.623 255.12 147.205 117.624 260.077 174.923 167.881 291.194 118.115 291.387 129.174 110.741 318.62 338.199 90.6875 23.6179 0.395137 356.252 135
7.17526 253.072 53.2547 27.028 43.2341 39.9079 333.232 224.271 218.772 127.397 32.395 232.352 254.318 10.8987 319.894 50.886 269.136 212.926 200.014 33.2544 261.511 116.462 302.583 276.02 279.579 38.2338 72.6759 231.318 311.76 158.039 120.964 21.4677 258.269 223.172 203.385 103.325 123.511 195.662 315 101.31 23.7972 20.8334 280.735 216.781 240.887 285.846 273.968 280.305 94.5205 267.233 123.423 324.09 324.956 14.0362 71.0108 340.532 108.97 96.8924 117.025 224.251 218.571 142.729 287.15 204.584 110.353 346.88 8.97263 51.1344 334.822 46.0609 188.702
258.486 324.058 242.942 316.102 62.6264 63.9135 315 291.371 322.674 290.225 163.918 241.144 265.601 108.001 198.682 20.556 359.105 318.148 310.112 168.739 327.044 90.4683 251.98 248.749 235.426 261.401 300.189 333.859 147.265 43.4518 172.025 72.9921 56.7683 179.585 355.426 78.1632 81.0983 162.464 253.644 197.65 199.592 122.957 228.991 222.138 213.44 300.559 286.125 248.484 145.999 285.345 87.9904 136.088 155.225 143.73 20.6299 191.233 23.5948 151.858 140.502 201.714 345.964 330.751 342.842 65.2466 119.8 149.335 308.623 150.777 150.751 324.306 103.935
296.565 277.539 346.201 139.066 105.84 134.685 303.311 284.659 133.636 268.568 95.9061 84.8056 122.381 355.197 29.5878 255.641 245.908 192.897 159.274 294.114 297.979 106.661 220.684 185.301 295.582 198.895 99.0476 203.025 207.626 95.036 304.695 262.999 86.6637 148.958 199.215 96.6667 228.066 343.811 223.103 188.616 322.177 358.21 217.316 203.07 285.255 189.866 328.105 262.439 107.192 237.68 87.0847 131.297 98.9726 318.604 52.5946 102.609 318.814 124.388 95.3322 16.9275 203.962 162.167 189.389 129.88 206.565 140.711 132.489 240.906 245.523 132.205 84.7557
13.1392 243.194 225.738 117.614 124.458 85.6749 292.166 239.899 41.151 267.979 107.171 72.4287 72.3499 5.00392 246.251 309.56 234.142 278.318 37.4568 227.603 2.5676 64.3533 48.8141 33.2669 337.135 324.13 23.4986 173.884 85.1317 282.265 219.806 233.549 59.5829 189.605 197.734 170.672 64.8852 25.3462 122.428 161.03 286.064 329.403 142.257 281.96 261.87 96.1702 260.681 277.164 90.5846 266.785 196.928 106.562 301.504 128.179 94.2999 41.2174 157.419 111.761 357.022 45 355.641 234.866 113.649 89.663 297.824 66.8858 117.618 225 251.933 131.764 141.34
182.104 346.95 277.734 66.8991 75.1735 22.4706 327.529 231.582 111.981 339.46 110.877 281.31 58.5166 48.8141 171.203 215.91 29.0546 328.392 109.537 336.14 325.176 11.8399 279.462 64.1336 231.379 246.686 339.249 22.3509 14.5682 141.387 194.036 211.633 203.619 116.847 249.775 238.254 19.0577 82.4386 6.34019 351.129 234.123 158.494 306.205 350.045 142.539 172.816 247.86 247.865 56.6172 235.401 122.287 154.411 181.116 111.501 109.277 117.742 38.8678 274.02 81.4692 118.266 123.731 248.129 117.865 129.094 358.025 47.6144 128.326 183.122 100.25 100.784 60.1729
191.041 221.441 251.822 66.4768 84.4487 39.5513 336.066 17.1822 10.0199 282.596 68.1986 311.186 71.679 141.543 72.5778 240.461 108.608 311.906 43.2879 338.236 309.489 2.25458 50.3494 216.133 30.0049 266.634 200.334 270.596 240.69 42.0492 168.996 54.0193 86.1859 123.579 122.142 240.69 296.764 4.79984 274.914 10.5392 44.4517 26.8259 251.075 203.199 114.274 114.975 19.9267 230.912 258.615 222.316 127.73 3.57633 137.663 162.466 214.074 3.61388 88.0817 135 162.051 323.915 142.815 304.216 18.4349 119.836 178.639 99.8253 85.9144 22.2856 326.634 31.6755 83.6598
171.448 289.853 260.791 102.632 32.8451 76.7553 303.201 279.187 275.483 90.9935 118.96 199.502 100.472 159.034 107.231 261.87 258.69 336.51 289.766 55.7334 289.216 12.9946 70.7923 304.592 276.593 240.47 199.933 228.059 276.287 180 105.945 23.8319 95.4403 105.083 306.094 290.665 42.8231 47.5638 151.356 216.699 18.1837 102.319 252.181 279.846 102.609 67.801 195.199 71.301 174.079 295.906 138.07 97.1578 155.884 350.74 179.698 328.211 261.193 277.263 239.744 292.457 86.2315 264.174 149.534 349.641 43.3287 77.9492 255.964 31.4521 74.262 18.7052 63.0939
87.8157 231.7 219.472 169.091 45.7707 103.079 304.892 323.166 87.1579 16.336 85.7462 149.574 0.966926 12.3808 347.969 0.276789 38.7742 173.157 242.087 258.869 279.546 8.6955 64.284 62.0378 310.388 51.9398 58.1509 260.087 89.6351 155.666 48.4385 131.332 93.9141 120.964 158.03 258.215 192.009 130.314 51.8281 169.287 211.915 65.5109 129.193 252.11 203.076 90.1355 261.966 142.98 205.907 263.577 62.2658 321.934 60.0965 149.668 150.43 131.479 52.9356 148.536 255.436 292.433 94.3987 283.125 241.699 231.203 93.9804 160.989 299.595 115.504 216.339 115.362 116.2
187.537 176.738 224.369 293.309 90.7529 179.215 271.228 249.026 47.4414 158.286 96.3402 319.441 126.634 89.3704 288.435 200.391 43.3153 23.3109 180 277.907 177.368 190.73 56.4695 41.858 246.02 69.0894 43.0942 303.252 13.4486 265.651 49.1489 246.371 290.606 55.1755 178.216 229.785 88.566 216.209 144.904 52.8002 228.489 43.8249 251.565 245.556 204.763 110.556 325.305 211.636 107.691 263.496 34.8545 243.558 75.5792 136.941 327.758 158.377 354.017 80.1475 261.342 158.271 148.638 203.929 102.836 127.459 132.614 133.238 307.484 68.8437 133.091 153.243 79.4184
