Madagascar1218CLEAN/DATA/aspect.txt
ncols         251
nrows         471
xllcorner     43.217484268189
yllcorner     -25.606154098314
cellsize      0.029
NODATA_value  -9999
[rows 372 to 402 of 471, columns 71 to 141 of 251]
227.603 94.7201 216.941 95.3322 305.838 -9999 295.136 84.8056 171.305 169.229 123.551 200.898 313.152 339.102 338.051 319.399 340.71 169.824 185.11 259.186 225 268.264 359.576 29.4759 345.069 86.0995 12.8968 295.602 52.125 234.964 288.144 49.9628 270.437 82.9987 210.423 264.317 257.245 47.5543 56.3099 82.2553 220.914 18.9046 79.0133 92.9008 19.7989 9.72758 163.474 295.017 257.628 89.023 52.125 3.36646 47.6026 141.34 249.624 202.1 253.763 57.2648 263.096 108.925 198.435 336.666 342.061 176.379 254.055 157.557 82.9542 92.2906 132.734 29.2488 78.3407
118.804 264.742 98.1301 321.953 309.472 -9999 162.699 141.843 178.58 271.153 302.542 317.095 17.2815 315.562 188.746 196.928 112.782 276.34 226.397 248.629 6.54629 231.546 254.745 330.092 264.903 45.8814 151.991 348.69 86.8084 294.775 255.069 69.574 275.222 87.0038 44.2428 209.853 203.598 274.781 79.1647 0.818455 255.682 247.487 54.7436 25.9794 42.1319 54.1114 94.6669 295.71 213.794 245.111 26.222 60.0581 71.565 1.00509 45.4621 331.53 2.91084 232.907 124.756 171.027 77.8404 7.00127 328.528 127.706 205.56 323.259 68.7495 85.2211 7.35949 201.038 134.409
32.692 194.808 205.017 242.241 155.113 -9999 189.819 215.776 310.101 252.567 338.429 268.568 183.013 192.724 256.264 133.62 299.055 180 191.31 256.759 273.814 18.4349 230.711 270.23 321.654 15.1011 15.8519 293.844 77.0054 306.254 276.789 174.962 287.879 338.25 76.9461 322.648 35.7288 306.763 19.9889 51.1229 306.384 163.269 41.2187 86.4087 147.119 98.4089 24.7751 259.114 71.565 242.835 67.013 79.7778 338.649 246.666 106.783 257.976 140.04 287.103 227.759 218.66 71.1139 203.429 147.724 87.4105 334.179 39.6855 108.435 306.266 1.23387 64.0645 91.3322
72.5042 73.369 86.6003 100.62 166.607 -9999 323.13 270 276.423 270.49 288.97 261.754 121.675 163.025 218.367 319.236 188.807 204.102 297.255 310.914 158.629 220.03 205.017 243.127 321.17 334.231 104.589 145.288 276.633 63.7413 227.675 326.49 280.874 290.872 58.0726 260.258 83.7692 300.475 85.8576 6.87482 322.421 70.2532 215.325 184.451 77.0917 88.4089 29.6967 20.9125 103.392 255.069 266.675 114.489 18.2489 130.132 134.226 93.6455 232.125 14.9314 268.781 197.103 208.74 153.997 129.472 87.5104 85.2364 201.371 135.651 215.942 325.923 73.7571 350.754
57.45 342.3 101.741 112.949 322.001 -9999 55.9541 271.116 289.573 2.40597 261.529 135.988 144.866 156.251 184.6 293.009 260.838 212.471 190.008 160.641 160.821 248.369 239.036 273.945 226.779 152.949 256.631 86.8603 72.1981 298.523 267.207 234.114 283.461 45 101.342 136.941 227.451 297.883 58.3392 39.5675 88.3737 324.838 275.755 116.952 147.325 96.365 228.734 52.4565 61.3895 133.898 56.4966 193.364 200.314 36.4027 40.9296 94.1665 79.7432 292.036 324.819 245.854 254.745 50.3558 19.2307 251.131 187.633 261.027 213.541 185.351 201.179 70.8444 72.9795
117.13 241.945 129.49 214.089 277.237 -9999 240.611 283.707 287.865 141.072 240.422 111.801 149.876 308.66 225 237.2 156.541 178.394 219.359 132.316 112.932 194.931 210.379 178.128 220.333 174.987 55.7131 46.3639 66.289 301.259 113.962 320.398 227.554 249.492 97.36 279.876 257.357 226.219 238.557 134.001 277.058 128.418 342.553 218.981 306.078 42.8789 280.491 278.486 43.767 40.9144 41.0995 131.1 283.392 306.469 182.015 192.7 47.8624 90.6187 111.534 219.161 346.834 131.605 97.5684 187.595 333.435 88.5607 75.992 90.2741 98.6525 102.995 35.789
103.173 38.054 117.525 75.5297 259.548 -9999 277.888 231.452 210.677 216.119 205.741 359.012 27.582 235.62 184.844 240.479 146.976 183.652 188.13 215.992 157.38 232.853 260.605 188.707 225 278.854 357.337 352.999 96.6715 125.181 274.399 261.767 259.862 274.224 106.652 290.599 96.2763 268.113 104.867 67.0804 100.896 155.209 313.968 78.3624 121.832 106.806 31.3995 228.853 131.492 43.0226 20.6136 222.064 34.7186 357.979 175.601 98.1301 220.601 42.1376 161.565 156.351 280.877 185.064 280.954 75.6507 1.00509 172.666 117.262 69.201 72.8973 240.945 90.4815
147.045 135 103.71 105.422 261.741 -9999 317.203 290.433 277.306 337.62 331.526 218.047 103.57 244.134 128.928 246.801 146.004 251.816 120.564 243.083 191.31 242.554 175.601 166.264 220.03 244.537 266.726 118.109 43.3477 298.072 54.7276 263.29 276.383 87.2873 243.335 258.166 108.199 226.79 180.354 293.587 329.142 104.84 141.206 126.144 11.7837 54.1717 76.9648 75.2201 237.232 72.7241 115.468 276.843 185.749 131.248 1.14576 23.1986 238.523 37.5931 282.995 225 105.945 18.8292 182.021 346.139 311.424 32.6309 99.2461 81.8339 108.65 228.442 89.4838
148.496 183.814 147.177 122.062 282.633 -9999 239.597 294.717 303.503 355.914 246.967 156.571 126.588 214.603 136.134 257.179 93.9183 249.492 226.432 146.842 277.001 334.323 312.973 295.145 349.641 267.795 166.842 142.727 195.556 177.064 81.0923 286.144 196.858 150.448 57.8132 266.832 11.667 351.098 275.558 69.7108 334.737 280.972 342.626 53.619 142.582 125.441 96.0427 295.473 25.1386 343.653 354.237 0.103609 14.7255 330.732 96.2635 1.4688 303.042 17.5924 159.444 3.69139 334.502 99.1623 194.995 151.39 216.19 177.93 72.6142 79.4792 0 194.342 331.645
261.158 256.675 174.756 143.643 283.241 -9999 298.301 338.199 142.853 169.919 241.526 237.171 111.903 107.592 288.435 184.467 154.699 209.745 138.327 292.62 221.479 209.389 245.505 159.444 149.574 247.109 168.13 201.705 313.152 322.184 313.162 81.0169 299.115 59.0656 335.098 83.5126 296.349 58.8697 58.0312 98.9048 284.621 46.2454 229.03 71.6175 349.875 90.4063 35.7682 82.025 162.524 287.866 317.366 101.853 261.612 76.6314 279.858 306.254 252.816 74.8698 101.31 327.265 282.995 121.43 334.654 127.062 259.97 32.2425 91.606 37.7924 81.459 219.976 265.636
261.027 188.471 167.106 298.301 271.79 -9999 261.686 116.35 116.288 143.297 242.592 267.274 112.126 81.4164 251.188 127.875 84.1304 221.634 204.444 299.539 283.134 356.634 262.875 147.724 270.924 234.293 22.6199 14.7968 258.247 340.017 244.502 85.1792 233.276 223.12 186.546 73.0907 215.235 62.0653 356.479 78.0394 346.43 15.9735 1.78452 40.026 73.9358 197.396 351.345 341.281 297.819 220.093 311.466 63.3399 180.494 321.793 59.882 345.466 257.735 192.928 45.7044 15.9454 57.2361 339.567 349.854 81.1582 44.7396 224.647 237.395 74.8405 226.995 17.0629 208.664
162.35 157.949 75.75 265.573 245.556 -9999 285.133 98.5308 110.225 208.61 235.305 119.445 136.469 132.663 268.647 88.2351 111.396 202.834 293.839 253.179 241.074 190.345 123.959 290.095 309.428 353.1 250.641 123.566 252.759 239.213 302.098 52.343 247.335 287.501 92.0614 283.28 63.4927 232.735 185.749 80.7368 349.509 302.781 167.094 164.305 136.176 144.211 16.8763 39.6442 278.186 291.038 347.25 108.914 46.273 29.5097 252.993 66.0018 349.992 238.449 253.887 327.171 103.372 175.045 216.552 244.904 85.3141 38.3675 229.086 86.8005 250.384 58.5704 51.9811
48.4239 164.501 245.686 246.152 262.599 -9999 245.746 239.281 104.265 203.552 204.146 263.501 134.293 139.399 256.139 135 126.529 266.285 234.386 186.78 163.523 138.391 301.329 233.746 247.62 122.157 312.594 233.552 345.828 326.532 257.845 124.756 211.249 209.777 329.169 345.129 54.2208 313.752 303.111 147.875 318.932 56.5922 125.769 81.4164 67.4117 248.86 123.667 66.6747 65.6954 278.565 238.241 93.4862 56.168 70.3214 295.716 55.6386 229.399 116.565 280.827 215.595 205.278 26.5651 191.31 273.991 107.85 81.1496 52.3023 219.408 31.7092 211.035 106.46
30.8219 144.411 293.962 240.811 279.795 -9999 137.886 202.62 154.983 117.699 126.027 203.839 207.35 167.471 271.357 193.449 184.899 323.297 276.766 174.346 218.517 201.644 228.54 240.362 152.913 229.514 199.537 265.707 340.201 125.623 274.214 32.3705 7.14892 254.414 238.524 252.801 10.271 28.4236 352.982 334.071 237.442 166.751 160.061 170.242 133.294 277.997 60.7621 322.928 47.4604 242.228 334.654 254.932 120.445 239.911 292.274 154.344 27.512 15.6422 337.932 151.091 158.782 115.062 192.995 99.2461 178.625 53.1685 43.8465 345.311 58.1726 87.1579 138.576
186.843 166.827 267.6 276.478 132.797 -9999 270.474 111.371 124.919 119.268 103.671 189.904 151.091 243.435 197.526 315 315 287.865 320.377 328.029 267.93 165.964 244.026 211.759 135 333.435 264.657 279.36 166.958 140.421 254.947 106.189 43.4808 6.80905 36.7259 320.648 107.258 104.338 246.448 288.515 321.895 85.6347 7.39401 58.5934 135.855 335.677 41.5318 87.0585 276.216 299.205 307.451 122.27 177.528 299.438 112.056 268.733 82.7193 226.259 45 117.897 255.579 56.4337 340.769 230.194 282.529 123.619 149.404 203.091 142.001 101.976 97.9435
84.2537 300.351 290.993 274.953 98.427 -9999 138.759 149.036 90.3745 120.426 153.778 188.13 253.61 298.856 310.914 313.264 330.186 35.3112 225.988 209.932 3.07746 21.2505 44.4093 348.887 207.646 248.097 186.203 233.711 221.878 120.847 253.153 217.381 86.8595 259.005 70.2852 319.853 67.4405 338.699 190.69 269.122 258.69 98.427 116.73 135 240.068 327.947 218.909 155.746 141.026 202.888 121.324 154.588 345.826 245.556 72.9971 177.944 206.21 17.3005 248.199 75.2564 310.84 80.0958 97.4922 348.69 210.069 282.875 77.4193 0.658543 98.5556 38.3456 277.734
77.1063 269.86 293.234 257.619 266.82 -9999 114.8 130.914 169.624 112.751 321.072 0 5.19443 337.036 336.038 233.973 237.095 319.236 324.462 9.40531 266.987 290.898 64.9256 350.433 84.0939 29.0546 70.1148 224.384 246.801 204.444 197.292 217.973 133.708 233.248 88.1283 275.26 68.8416 75.1686 265.903 185.553 221.3 58.3793 65.1561 95.1944 296.807 4.21418 219.536 92.0037 49.9118 215.451 33.6318 320.666 160.481 76.9544 315.259 190.446 10.8564 76.0964 69.6236 90 120.651 351.347 114.167 356.496 48.0128 32.0535 53.1029 42.6516 46.1612 327.279 317.564
153.273 316.397 104.744 289.259 266.468 -9999 102.995 207.646 180 254.197 221.934 191.31 263.157 313.568 297.512 355.764 149.797 247.249 291.801 94.0557 63.9704 266.532 211.149 263.928 307.648 67.9769 63.9876 32.2425 279.462 297.759 353.234 269.565 342.165 218.811 139.75 325.305 60.1683 190.485 311.48 132.797 274.304 98.4007 130.156 120.851 266.869 15.9454 310.236 113.72 229.383 235.101 292.05 97.4237 216.585 129.179 229.814 163.566 95.504 147.136 304.177 243.435 258.69 325.136 204.242 138.468 150.461 135 261.484 145.03 96.9856 115.145 254.454
347.005 300.53 128.326 19.6538 155.556 -9999 143.13 177.825 284.826 344.31 290.433 336.251 190.244 190.62 253.346 133.62 230.042 265.236 255.379 106.26 214.216 133.512 217.333 266.1 292.964 57.6651 177.641 93.2397 300.5 232.306 205.887 223.999 174.268 229.549 71.8658 17.7447 100.67 311.064 87.5342 1.85464 332.248 92.1337 309.395 97.3647 223.791 333.435 134.139 178.807 308.845 240.221 175.259 341.748 337.779 47.2665 298.428 87.0711 123.376 27.0386 45.6031 355.601 63.4349 246.448 122.969 76.3041 252.031 20.2249 130.724 132.876 164.644 173.82 247.011
254.179 330.154 275.631 135 122.32 -9999 191.547 248.902 322.595 300.379 160.769 128.29 186.52 271.219 259.992 209.982 249.52 202.932 302.957 116.159 213.198 183.447 238.299 168.275 176.399 257.133 95.4774 75.8014 48.1798 281.104 321.74 4.93922 194.744 230.679 260.257 280.651 98.1712 75.32 64.2419 67.7196 355.631 355.539 34.5057 86.6335 327.192 129.812 274.733 122.631 350.218 93.4833 291.662 76.136 344.944 92.9074 241.46 85.9423 24.969 326.357 59.2786 189.638 23.9196 277.696 85.2364 66.9032 95.9469 99.5716 77.7843 61.1635 53.2128 67.3801 199.841
311.035 98.8607 243.778 105.092 95.1944 -9999 268.919 251.565 274.399 108.853 162.35 277.907 263.66 272.564 240.945 227.322 214.287 279.545 314.265 92.3215 124.824 231.674 189.36 224.37 302.8 343.867 2.62641 47.4366 104.216 57.2648 286.492 72.3537 335.072 292.533 311.868 298.281 10.9679 81.7241 43.8257 122.572 233.599 74.8234 92.5233 93.4971 118.693 115.042 93.243 135.191 56.7064 290.095 313.769 153.104 232.352 125.91 220.419 41.6016 112.721 279.964 304.75 313.902 279.811 88.4859 243.078 71.2413 100.601 217.763 194.931 250.453 93.2266 104.404 52.5031
270.993 116.565 181.809 161.565 87.3676 -9999 273.122 139.927 196.587 176.348 55.6197 255.801 5.19443 234.462 155.283 244.832 205.974 213.69 190.561 210.136 128.191 293.199 225 285.945 239.036 181.102 194.176 343.673 66.6747 73.0245 262.926 240.144 44.4063 328.201 258.343 291.77 117.646 280.205 119.138 69.2744 233.027 178.85 48.1598 50.985 164.624 126.066 125.036 195.668 19.8407 225.807 173.008 302.544 296.793 7.53043 256.88 79.2055 252.128 65.7461 85.8889 278.13 118.273 76.079 315 116.354 17.2415 95.7411 250.449 111.732 46.4857 84.1176 174.92
-9999 -9999 -9999 -9999 -9999 -9999 -9999 -9999 -9999 -9999 -9999 -9999 -9999 -9999 -9999 -9999 -9999 -9999 -9999 -9999 -9999 -9999 -9999 -9999 -9999 -9999 -9999 -9999 -9999 -9999 -9999 -9999 -9999 -9999 -9999 -9999 -9999 -9999 -9999 -9999 -9999 -9999 -9999 -9999 -9999 -9999 -9999 -9999 -9999 -9999 -9999 -9999 -9999 -9999 -9999 -9999 -9999 -9999 -9999 -9999 -9999 -9999 -9999 -9999 -9999 -9999 -9999 -9999 -9999 -9999 -9999
303.69 136.273 85.5526 264.207 148.841 -9999 233.471 189.866 251.175 148.736 151.26 249.167 78.4078 219.958 139.879 156.371 304.216 334.654 4.96974 201.588 294.444 344.779 349.177 344.876 329.036 262.405 99.2602 240.208 53.3057 84.9869 276.267 261.119 207.322 305.853 273.458 168.723 111.688 293.527 186.721 326.027 319.11 342.15 65.5022 103.21 250.837 187.958 295.941 18.8058 44.8913 86.894 265.123 131.964 275.826 103.379 270.674 305.707 96.8218 112.157 128.083 334.214 21.7879 35.8529 8.09654 110.128 62.1985 111.753 235.584 110.611 144.964 229.194 210.01
280.646 251.03 12.8043 259.461 39.5597 -9999 168.179 162.553 39.8056 64.0935 42.7395 261.87 140.906 200.225 273.576 273.366 282.171 352.349 70.8519 123.366 262.706 214.287 178.506 300.71 285.751 236.712 143.13 256.464 74.6524 98.8418 236.189 165.411 188.86 196.778 186.044 181.384 314.162 26.8869 249.281 151.892 272.158 176.364 108.551 117.339 130.76 294.64 283.748 10.5766 53.8894 27.7585 181.71 301.42 194.621 84.7705 273.18 325.62 84.8467 25.7307 87.7974 295.531 42.5634 163.546 104.452 265.82 286.68 27.9827 139.538 82.9137 291.615 279.554 340.017
206.068 252.408 71.2545 288.97 206.565 -9999 228.434 333.97 168.69 263.157 273.991 342.86 63.4349 315 298.413 356.76 304.509 291.337 84.5193 65.7461 236.31 208.652 280.968 189.09 55.6849 147.665 312.74 296.847 70.3554 35.9421 63.3056 280.437 326.165 344.526 309.237 28.6389 274.827 237.458 251.01 49.5739 51.1799 179.83 53.5433 351.129 162.897 50.1022 256.608 332.711 89.9425 80.6137 339.898 156.74 309.644 179.128 81.3613 291.038 72.1364 32.981 143.907 211.542 169.875 194.639 276.301 91.7113 146.338 299.299 81.7017 200.389 48.3542 215.433 62.0079
52.3705 297.824 45 304.765 1.7357 -9999 334.385 204.242 283.339 273.652 330.255 33.6901 28.54 311.82 280.491 287.241 282.319 267.374 143.569 63.4349 333.435 252.553 231.687 231.399 148.266 315.855 244.026 278.513 80.7105 36.3726 286.091 303.14 305.245 353.319 201.875 163.277 13.2508 333.142 4.844 235.984 107.606 62.2954 137.528 118.06 310.373 30.6701 23.2677 112.535 34.6952 36.8699 258.491 8.65755 276.226 325.877 168.111 231.766 138.865 102.432 319.72 275.993 231.001 335.603 127.122 51.9919 40.5814 45.1314 43.889 56.1695 237.995 350.764 270.83
106.768 259.624 56.3099 298.237 53.1301 -9999 307.147 240.709 253.179 214.919 285.604 335.072 50.0636 331.26 9.03297 218.884 212.735 219.999 209.219 333.225 25.9308 331.39 210.651 287.65 324.625 19.6097 262.247 231.465 163.328 68.4047 72.5881 260.498 125.642 170.386 249.8 267.443 203.459 320.547 264.806 332.688 65.9892 359.17 109.623 316.332 48.6266 186.263 128.361 332.79 99.4806 299.17 8.98044 54.9113 234.023 17.1643 42.337 313.452 354.753 94.2272 325.532 335.891 19.0333 134.246 299.018 41.0366 54.7276 70.892 349.195 62.7794 254.678 64.2077 75.1601
303.887 299.707 287.987 306.203 56.5138 -9999 4.39871 280.151 194.859 295.267 357.709 253.179 331.144 7.7336 354.644 24.6236 253.393 239.381 270.603 277.561 97.8064 61.1892 268.059 36.0546 259.992 239.574 216.218 287.92 98.8706 140.774 293.827 14.7436 340.742 60.9906 202.131 259.54 223.713 298.129 286.449 305.238 172.569 82.0025 348.132 271.341 147.701 124.847 344.358 135.442 167.403 270.63 188.024 260.827 246.71 182.366 153.435 300.203 148.169 292.812 297.646 104.324 144.462 350.199 12.8399 248.568 268.948 89.6636 176.775 120.333 237.529 243.153 69.358
53.858 270.546 216.724 67.6199 10.2222 -9999 34.1145 244.44 296.565 232.125 214.509 254.624 261.293 32.5228 189.689 205.71 27.8973 315 246.125 222.337 324.284 56.1738 245.158 247.38 25.8444 293.429 318.094 221.82 37.4589 77.6405 264.063 337.786 9.75796 61.6992 72.7585 199.217 188.32 175.85 103.213 238.829 114.724 242.539 357.557 129.495 126.997 128.374 167.384 26.665 63.6216 355.764 312.663 238.149 23.0898 242.767 184.399 260.789 89.3041 296 220.501 122.441 251.075 322.151 104.295 123.043 305.234 307.458 72.6447 39.1582 287.668 78.6901 31.4296
316.868 322.696 272.121 294.146 97.3738 -9999 21.0375 273.814 271.975 2.60256 248.629 250.463 189.583 109.282 128.501 227.42 242.301 264.685 230.356 246.251 288.435 55.008 59.0362 257.645 342.446 46.259 247.23 276.627 305.845 65.5997 283.235 359.331 42.8631 359.898 345.522 338.599 20.5879 176.675 283.893 155.165 298.78 313.652 133.141 147.237 12.452 284.761 15.5928 93.3178 349.216 58.9078 262.023 257.082 35.3859 318.801 258.854 43.7811 306.281 122.619 130.13 64.5858 82.875 173.46 255.32 86.7274 260.808 51.1006 98.2736 299.846 52.319 92.1553 246.161
