Madagascar1218CLEAN/DATA/cropland.txt
ncols         251
nrows         471
xllcorner     43.217484268189
yllcorner     -25.606154098314
cellsize      0.029
NODATA_value  -9999
[rows 225 to 269 of 471, columns 96 to 191 of 251]
0 0 0 0 0 0 0 0 0 0 0 0 0 0 1 1 1 2 2 4 4 4 6 6 6 7 7 7 7 7 7 7 7 7 7 7 5 5 5 3 3 3 0 0 0 0 0 0 1 1 1 0 0 0 0 0 9 9 9 0 0 0 2 2 2 0 0 0 1 1 1 1 1 1 1 1 2 2 2 0 0 0 0 0 0 0 0 0 0 0 0 10 10 10 17 17
0 0 0 0 0 0 0 0 0 0 0 0 0 0 1 1 1 2 2 4 4 4 6 6 6 7 7 7 7 7 7 7 7 7 7 7 5 5 5 3 3 3 0 0 0 0 0 0 1 1 1 0 0 0 0 0 9 9 9 0 0 0 2 2 2 0 0 0 1 1 1 1 1 1 1 1 2 2 2 0 0 0 0 0 0 0 0 0 0 0 0 10 10 10 17 17
0 0 0 0 0 0 0 0 0 0 0 0 0 0 1 1 1 2 2 4 4 4 6 6 6 7 7 7 7 7 7 7 7 7 7 7 5 5 5 3 3 3 0 0 0 0 0 0 1 1 1 0 0 0 0 0 9 9 9 0 0 0 2 2 2 0 0 0 1 1 1 1 1 1 1 1 2 2 2 0 0 0 0 0 0 0 0 0 0 0 0 10 10 10 17 17
0 0 0 0 0 1 1 1 0 0 0 1 1 1 3 3 3 7 7 7 7 7 7 7 7 7 7 7 7 7 7 12 12 12 13 13 14 14 14 10 10 10 7 7 7 4 4 4 2 2 2 3 3 3 8 8 4 4 4 2 2 2 0 0 0 1 1 1 1 1 1 1 1 1 0 0 1 1 1 0 0 0 0 0 0 0 0 0 0 0 0 7 7 7 8 8
0 0 0 0 0 1 1 1 0 0 0 1 1 1 3 3 3 7 7 7 7 7 7 7 7 7 7 7 7 7 7 12 12 12 13 13 14 14 14 10 10 10 7 7 7 4 4 4 2 2 2 3 3 3 8 8 4 4 4 2 2 2 0 0 0 1 1 1 1 1 1 1 1 1 0 0 1 1 1 0 0 0 0 0 0 0 0 0 0 0 0 7 7 7 8 8
0 0 0 0 0 1 1 1 0 0 0 1 1 1 3 3 3 7 7 7 7 7 7 7 7 7 7 7 7 7 7 12 12 12 13 13 14 14 14 10 10 10 7 7 7 4 4 4 2 2 2 3 3 3 8 8 4 4 4 2 2 2 0 0 0 1 1 1 1 1 1 1 1 1 0 0 1 1 1 0 0 0 0 0 0 0 0 0 0 0 0 7 7 7 8 8
11 11 3 3 3 2 2 2 1 1 1 5 5 5 7 7 7 7 7 7 7 7 7 7 7 7 7 7 7 7 7 8 8 8 7 7 9 9 9 9 9 9 16 16 16 25 25 25 7 7 7 6 6 6 5 5 6 6 6 2 2 2 1 1 1 3 3 3 2 2 2 1 1 1 0 0 0 0 0 0 0 0 0 0 0 0 0 0 1 1 1 7 7 7 9 9
11 11 3 3 3 2 2 2 1 1 1 5 5 5 7 7 7 7 7 7 7 7 7 7 7 7 7 7 7 7 7 8 8 8 7 7 9 9 9 9 9 9 16 16 16 25 25 25 7 7 7 6 6 6 5 5 6 6 6 2 2 2 1 1 1 3 3 3 2 2 2 1 1 1 0 0 0 0 0 0 0 0 0 0 0 0 0 0 1 1 1 7 7 7 9 9
11 11 3 3 3 2 2 2 1 1 1 5 5 5 7 7 7 7 7 7 7 7 7 7 7 7 7 7 7 7 7 8 8 8 7 7 9 9 9 9 9 9 16 16 16 25 25 25 7 7 7 6 6 6 5 5 6 6 6 2 2 2 1 1 1 3 3 3 2 2 2 1 1 1 0 0 0 0 0 0 0 0 0 0 0 0 0 0 1 1 1 7 7 7 9 9
9 9 5 5 5 0 0 0 0 0 0 7 7 7 7 7 7 7 7 8 8 8 7 7 7 7 7 7 7 7 7 7 7 7 7 7 8 8 8 11 11 11 26 26 26 31 31 31 40 40 40 26 26 26 12 12 9 9 9 9 9 9 1 1 1 4 4 4 1 1 1 0 0 0 0 0 0 0 0 0 0 0 0 0 0 6 6 6 15 15 15 19 19 19 15 15
9 9 5 5 5 0 0 0 0 0 0 7 7 7 7 7 7 7 7 8 8 8 7 7 7 7 7 7 7 7 7 7 7 7 7 7 8 8 8 11 11 11 26 26 26 31 31 31 40 40 40 26 26 26 12 12 9 9 9 9 9 9 1 1 1 4 4 4 1 1 1 0 0 0 0 0 0 0 0 0 0 0 0 0 0 6 6 6 15 15 15 19 19 19 15 15
9 9 5 5 5 0 0 0 0 0 0 7 7 7 7 7 7 7 7 8 8 8 7 7 7 7 7 7 7 7 7 7 7 7 7 7 8 8 8 11 11 11 26 26 26 31 31 31 40 40 40 26 26 26 12 12 9 9 9 9 9 9 1 1 1 4 4 4 1 1 1 0 0 0 0 0 0 0 0 0 0 0 0 0 0 6 6 6 15 15 15 19 19 19 15 15
0 0 3 3 3 2 2 2 2 2 2 7 7 7 7 7 7 7 7 7 7 7 12 12 12 7 7 7 7 7 7 11 11 11 19 19 20 20 20 17 17 17 17 17 17 11 11 11 81 81 81 50 50 50 11 11 15 15 15 17 17 17 7 7 7 9 9 9 8 8 8 3 3 3 2 2 0 0 0 1 1 1 1 1 1 18 18 18 19 19 19 23 23 23 15 15
0 0 3 3 3 2 2 2 2 2 2 7 7 7 7 7 7 7 7 7 7 7 12 12 12 7 7 7 7 7 7 11 11 11 19 19 20 20 20 17 17 17 17 17 17 11 11 11 81 81 81 50 50 50 11 11 15 15 15 17 17 17 7 7 7 9 9 9 8 8 8 3 3 3 2 2 0 0 0 1 1 1 1 1 1 18 18 18 19 19 19 23 23 23 15 15
0 0 1 1 1 3 3 3 5 5 5 10 10 10 7 7 7 7 7 7 7 7 10 10 10 8 8 8 7 7 7 8 8 8 13 13 15 15 15 15 15 15 18 18 18 15 15 15 13 13 13 13 13 13 11 11 8 8 8 16 16 16 9 9 9 14 14 14 11 11 11 7 7 7 3 3 2 2 2 6 6 6 4 4 4 13 13 13 16 16 16 19 19 19 18 18
0 0 1 1 1 3 3 3 5 5 5 10 10 10 7 7 7 7 7 7 7 7 10 10 10 8 8 8 7 7 7 8 8 8 13 13 15 15 15 15 15 15 18 18 18 15 15 15 13 13 13 13 13 13 11 11 8 8 8 16 16 16 9 9 9 14 14 14 11 11 11 7 7 7 3 3 2 2 2 6 6 6 4 4 4 13 13 13 16 16 16 19 19 19 18 18
0 0 1 1 1 3 3 3 5 5 5 10 10 10 7 7 7 7 7 7 7 7 10 10 10 8 8 8 7 7 7 8 8 8 13 13 15 15 15 15 15 15 18 18 18 15 15 15 13 13 13 13 13 13 11 11 8 8 8 16 16 16 9 9 9 14 14 14 11 11 11 7 7 7 3 3 2 2 2 6 6 6 4 4 4 13 13 13 16 16 16 19 19 19 18 18
1 1 1 1 1 0 0 0 9 9 9 8 8 8 9 9 9 7 7 12 12 12 7 7 7 -997 -997 -997 7 7 7 7 7 7 7 7 7 7 7 9 9 9 7 7 7 22 22 22 34 34 34 19 19 19 18 18 12 12 12 7 7 7 7 7 7 9 9 9 13 13 13 7 7 7 5 5 4 4 4 3 3 3 0 0 0 12 12 12 27 27 27 19 19 19 15 15
-9999 -9999 -9999 -9999 -9999 -9999 -9999 -9999 -9999 -9999 -9999 -9999 -9999 -9999 -9999 -9999 -9999 -9999 -9999 -9999 -9999 -9999 -9999 -9999 -9999 -9999 -9999 -9999 -9999 -9999 -9999 -9999 -9999 -9999 -9999 -9999 -9999 -9999 -9999 -9999 -9999 -9999 -9999 -9999 -9999 -9999 -9999 -9999 -9999 -9999 -9999 -9999 -9999 -9999 -9999 -9999 -9999 -9999 -9999 -9999 -9999 -9999 -9999 -9999 -9999 -9999 -9999 -9999 -9999 -9999 -9999 -9999 -9999 -9999 -9999 -9999 -9999 -9999 -9999 -9999 -9999 -9999 -9999 -9999 -9999 -9999 -9999 -9999 -9999 -9999 -9999 -9999 -9999 -9999 -9999 -9999
1 1 1 1 1 0 0 0 9 9 9 8 8 8 9 9 9 7 7 12 12 12 7 7 7 -997 -997 -997 7 7 7 7 7 7 7 7 7 7 7 9 9 9 7 7 7 22 22 22 34 34 34 19 19 19 18 18 12 12 12 7 7 7 7 7 7 9 9 9 13 13 13 7 7 7 5 5 4 4 4 3 3 3 0 0 0 12 12 12 27 27 27 19 19 19 15 15
1 1 1 1 1 0 0 0 9 9 9 8 8 8 9 9 9 7 7 12 12 12 7 7 7 -997 -997 -997 7 7 7 7 7 7 7 7 7 7 7 9 9 9 7 7 7 22 22 22 34 34 34 19 19 19 18 18 12 12 12 7 7 7 7 7 7 9 9 9 13 13 13 7 7 7 5 5 4 4 4 3 3 3 0 0 0 12 12 12 27 27 27 19 19 19 15 15
1 1 1 1 1 6 6 6 8 8 8 13 13 13 11 11 11 7 7 24 24 24 83 83 83 11 11 11 7 7 7 7 7 7 7 7 7 7 7 7 7 7 7 7 7 7 7 7 9 9 9 18 18 18 18 18 12 12 12 7 7 7 7 7 7 12 12 12 9 9 9 7 7 7 3 3 0 0 0 2 2 2 4 4 4 2 2 2 21 21 21 18 18 18 9 9
1 1 1 1 1 6 6 6 8 8 8 13 13 13 11 11 11 7 7 24 24 24 83 83 83 11 11 11 7 7 7 7 7 7 7 7 7 7 7 7 7 7 7 7 7 7 7 7 9 9 9 18 18 18 18 18 12 12 12 7 7 7 7 7 7 12 12 12 9 9 9 7 7 7 3 3 0 0 0 2 2 2 4 4 4 2 2 2 21 21 21 18 18 18 9 9
1 1 1 1 1 6 6 6 8 8 8 13 13 13 11 11 11 7 7 24 24 24 83 83 83 11 11 11 7 7 7 7 7 7 7 7 7 7 7 7 7 7 7 7 7 7 7 7 9 9 9 18 18 18 18 18 12 12 12 7 7 7 7 7 7 12 12 12 9 9 9 7 7 7 3 3 0 0 0 2 2 2 4 4 4 2 2 2 21 21 21 18 18 18 9 9
0 0 0 0 0 0 0 0 3 3 3 16 16 16 9 9 9 7 7 10 10 10 21 21 21 9 9 9 7 7 7 7 7 7 8 8 7 7 7 8 8 8 9 9 9 7 7 7 10 10 10 9 9 9 10 10 13 13 13 7 7 7 7 7 7 8 8 8 15 15 15 7 7 7 2 2 0 0 0 9 9 9 12 12 12 5 5 5 15 15 15 16 16 16 19 19
0 0 0 0 0 0 0 0 3 3 3 16 16 16 9 9 9 7 7 10 10 10 21 21 21 9 9 9 7 7 7 7 7 7 8 8 7 7 7 8 8 8 9 9 9 7 7 7 10 10 10 9 9 9 10 10 13 13 13 7 7 7 7 7 7 8 8 8 15 15 15 7 7 7 2 2 0 0 0 9 9 9 12 12 12 5 5 5 15 15 15 16 16 16 19 19
0 0 0 0 0 0 0 0 3 3 3 16 16 16 9 9 9 7 7 10 10 10 21 21 21 9 9 9 7 7 7 7 7 7 8 8 7 7 7 8 8 8 9 9 9 7 7 7 10 10 10 9 9 9 10 10 13 13 13 7 7 7 7 7 7 8 8 8 15 15 15 7 7 7 2 2 0 0 0 9 9 9 12 12 12 5 5 5 15 15 15 16 16 16 19 19
0 0 2 2 2 1 1 1 11 11 11 8 8 8 7 7 7 7 7 7 7 7 7 7 7 7 7 7 7 7 7 7 7 7 7 7 7 7 7 7 7 7 11 11 11 9 9 9 13 13 13 12 12 12 9 9 8 8 8 7 7 7 8 8 8 8 8 8 10 10 10 6 6 6 2 2 6 6 6 11 11 11 13 13 13 15 15 15 17 17 17 17 17 17 20 20
0 0 2 2 2 1 1 1 11 11 11 8 8 8 7 7 7 7 7 7 7 7 7 7 7 7 7 7 7 7 7 7 7 7 7 7 7 7 7 7 7 7 11 11 11 9 9 9 13 13 13 12 12 12 9 9 8 8 8 7 7 7 8 8 8 8 8 8 10 10 10 6 6 6 2 2 6 6 6 11 11 11 13 13 13 15 15 15 17 17 17 17 17 17 20 20
0 0 2 2 2 1 1 1 11 11 11 8 8 8 7 7 7 7 7 7 7 7 7 7 7 7 7 7 7 7 7 7 7 7 7 7 7 7 7 7 7 7 11 11 11 9 9 9 13 13 13 12 12 12 9 9 8 8 8 7 7 7 8 8 8 8 8 8 10 10 10 6 6 6 2 2 6 6 6 11 11 11 13 13 13 15 15 15 17 17 17 17 17 17 20 20
1 1 4 4 4 6 6 6 4 4 4 7 7 7 7 7 7 8 8 7 7 7 7 7 7 7 7 7 7 7 7 7 7 7 7 7 7 7 7 7 7 7 13 13 13 7 7 7 7 7 7 10 10 10 8 8 9 9 9 7 7 7 8 8 8 7 7 7 11 11 11 10 10 10 13 13 13 13 13 9 9 9 11 11 11 9 9 9 17 17 17 20 20 20 18 18
1 1 4 4 4 6 6 6 4 4 4 7 7 7 7 7 7 8 8 7 7 7 7 7 7 7 7 7 7 7 7 7 7 7 7 7 7 7 7 7 7 7 13 13 13 7 7 7 7 7 7 10 10 10 8 8 9 9 9 7 7 7 8 8 8 7 7 7 11 11 11 10 10 10 13 13 13 13 13 9 9 9 11 11 11 9 9 9 17 17 17 20 20 20 18 18
1 1 4 4 4 6 6 6 4 4 4 7 7 7 7 7 7 8 8 7 7 7 7 7 7 7 7 7 7 7 7 7 7 7 7 7 7 7 7 7 7 7 13 13 13 7 7 7 7 7 7 10 10 10 8 8 9 9 9 7 7 7 8 8 8 7 7 7 11 11 11 10 10 10 13 13 13 13 13 9 9 9 11 11 11 9 9 9 17 17 17 20 20 20 18 18
4 4 7 7 7 10 10 10 9 9 9 7 7 7 7 7 7 8 8 7 7 7 7 7 7 7 7 7 8 8 8 7 7 7 7 7 7 7 7 7 7 7 7 7 7 7 7 7 8 8 8 10 10 10 9 9 7 7 7 10 10 10 7 7 7 8 8 8 10 10 10 14 14 14 20 20 12 12 12 12 12 12 13 13 13 9 9 9 12 12 12 19 19 19 17 17
4 4 7 7 7 10 10 10 9 9 9 7 7 7 7 7 7 8 8 7 7 7 7 7 7 7 7 7 8 8 8 7 7 7 7 7 7 7 7 7 7 7 7 7 7 7 7 7 8 8 8 10 10 10 9 9 7 7 7 10 10 10 7 7 7 8 8 8 10 10 10 14 14 14 20 20 12 12 12 12 12 12 13 13 13 9 9 9 12 12 12 19 19 19 17 17
3 3 9 9 9 12 12 12 15 15 15 20 20 20 7 7 7 7 7 7 7 7 7 7 7 7 7 7 9 9 9 14 14 14 16 16 7 7 7 7 7 7 8 8 8 12 12 12 13 13 13 9 9 9 10 10 7 7 7 9 9 9 5 5 5 5 5 5 16 16 16 11 11 11 17 17 11 11 11 11 11 11 9 9 9 10 10 10 15 15 15 14 14 14 12 12
3 3 9 9 9 12 12 12 15 15 15 20 20 20 7 7 7 7 7 7 7 7 7 7 7 7 7 7 9 9 9 14 14 14 16 16 7 7 7 7 7 7 8 8 8 12 12 12 13 13 13 9 9 9 10 10 7 7 7 9 9 9 5 5 5 5 5 5 16 16 16 11 11 11 17 17 11 11 11 11 11 11 9 9 9 10 10 10 15 15 15 14 14 14 12 12
3 3 9 9 9 12 12 12 15 15 15 20 20 20 7 7 7 7 7 7 7 7 7 7 7 7 7 7 9 9 9 14 14 14 16 16 7 7 7 7 7 7 8 8 8 12 12 12 13 13 13 9 9 9 10 10 7 7 7 9 9 9 5 5 5 5 5 5 16 16 16 11 11 11 17 17 11 11 11 11 11 11 9 9 9 10 10 10 15 15 15 14 14 14 12 12
0 0 5 5 5 7 7 7 12 12 12 18 18 18 15 15 15 8 8 7 7 7 7 7 7 7 7 7 7 7 7 23 23 23 21 21 10 10 10 7 7 7 7 7 7 13 13 13 14 14 14 7 7 7 7 7 7 7 7 7 7 7 0 0 0 8 8 8 12 12 12 10 10 10 16 16 17 17 17 13 13 13 8 8 8 5 5 5 13 13 13 13 13 13 15 15
0 0 5 5 5 7 7 7 12 12 12 18 18 18 15 15 15 8 8 7 7 7 7 7 7 7 7 7 7 7 7 23 23 23 21 21 10 10 10 7 7 7 7 7 7 13 13 13 14 14 14 7 7 7 7 7 7 7 7 7 7 7 0 0 0 8 8 8 12 12 12 10 10 10 16 16 17 17 17 13 13 13 8 8 8 5 5 5 13 13 13 13 13 13 15 15
0 0 5 5 5 7 7 7 12 12 12 18 18 18 15 15 15 8 8 7 7 7 7 7 7 7 7 7 7 7 7 23 23 23 21 21 10 10 10 7 7 7 7 7 7 13 13 13 14 14 14 7 7 7 7 7 7 7 7 7 7 7 0 0 0 8 8 8 12 12 12 10 10 10 16 16 17 17 17 13 13 13 8 8 8 5 5 5 13 13 13 13 13 13 15 15
3 3 11 11 11 9 9 9 8 8 8 11 11 11 13 13 13 7 7 7 7 7 7 7 7 9 9 9 8 8 8 15 15 15 10 10 9 9 9 7 7 7 8 8 8 14 14 14 12 12 12 9 9 9 7 7 6 6 6 0 0 0 0 0 0 8 8 8 13 13 13 13 13 13 13 13 14 14 14 14 14 14 10 10 10 12 12 12 12 12 12 11 11 11 14 14
3 3 11 11 11 9 9 9 8 8 8 11 11 11 13 13 13 7 7 7 7 7 7 7 7 9 9 9 8 8 8 15 15 15 10 10 9 9 9 7 7 7 8 8 8 14 14 14 12 12 12 9 9 9 7 7 6 6 6 0 0 0 0 0 0 8 8 8 13 13 13 13 13 13 13 13 14 14 14 14 14 14 10 10 10 12 12 12 12 12 12 11 11 11 14 14
3 3 11 11 11 9 9 9 8 8 8 11 11 11 13 13 13 7 7 7 7 7 7 7 7 9 9 9 8 8 8 15 15 15 10 10 9 9 9 7 7 7 8 8 8 14 14 14 12 12 12 9 9 9 7 7 6 6 6 0 0 0 0 0 0 8 8 8 13 13 13 13 13 13 13 13 14 14 14 14 14 14 10 10 10 12 12 12 12 12 12 11 11 11 14 14
11 11 10 10 10 8 8 8 10 10 10 14 14 14 14 14 14 9 9 8 8 8 9 9 9 13 13 13 9 9 9 7 7 7 8 8 7 7 7 7 7 7 7 7 7 14 14 14 8 8 8 9 9 9 2 2 2 2 2 0 0 0 0 0 0 12 12 12 13 13 13 14 14 14 15 15 14 14 14 14 14 14 10 10 10 11 11 11 15 15 15 17 17 17 7 7
