Madagascar1218CLEAN/DATA/cropland.txt
ncols         251
nrows         471
xllcorner     43.217484268189
yllcorner     -25.606154098314
cellsize      0.029
NODATA_value  -9999
[rows 90 to 134 of 471, columns 96 to 191 of 251]
-9999 -9999 -9999 -9999 -9999 -9999 -9999 -9999 -9999 -9999 -9999 -9999 -9999 -9999 -9999 -9999 -9999 -9999 -9999 -9999 -9999 -9999 -9999 -9999 -9999 -9999 -9999 -9999 -9999 -9999 -9999 -9999 -9999 -9999 -9999 -9999 -9999 -9999 -9999 -9999 -9999 -9999 -9999 -9999 -9999 -9999 -9999 -9999 -9999 -9999 -9999 -9999 -9999 -9999 -9999 -9999 -9999 -9999 -9999 0 0 -9999 0 0 0 -9999 0 0 7 7 7 3 3 3 13 13 10 10 10 14 14 14 3 3 3 3 3 3 16 16 16 14 14 14 10 10
-9999 -9999 -9999 -9999 -9999 -9999 -9999 -9999 -9999 -9999 -9999 -9999 -9999 -9999 -9999 -9999 -9999 -9999 -9999 -9999 -9999 -9999 -9999 -9999 -9999 -9999 -9999 -9999 -9999 -9999 -9999 -9999 -9999 -9999 -9999 -9999 -9999 -9999 -9999 -9999 -9999 -9999 -9999 -9999 -9999 -9999 -9999 -9999 -9999 -9999 -9999 -9999 -9999 -9999 -9999 -9999 -9999 -9999 -9999 -9999 0 0 0 -9999 -9999 -9999 -9999 -9999 7 7 7 3 3 3 13 13 10 10 10 14 14 14 3 3 3 3 3 3 16 16 16 14 14 14 10 10
-9999 -9999 -9999 -9999 -9999 -9999 -9999 -9999 -9999 -9999 -9999 -9999 -9999 -9999 -9999 -9999 -9999 -9999 -9999 -9999 -9999 -9999 -9999 -9999 -9999 -9999 -9999 -9999 -9999 -9999 -9999 -9999 -9999 -9999 -9999 -9999 -9999 -9999 -9999 -9999 -9999 -9999 -9999 -9999 -9999 -9999 -9999 -9999 -9999 -9999 -9999 -9999 -9999 -9999 -9999 -9999 -9999 -9999 -9999 -9999 -9999 -9999 -9999 -9999 -9999 -9999 -9999 -9999 -9999 -9999 -9999 -9999 -9999 -9999 -9999 -9999 -9999 -9999 -9999 -9999 -9999 -9999 -9999 -9999 -9999 -9999 -9999 -9999 -9999 -9999 -9999 -9999 -9999 -9999 -9999 -9999
-9999 -9999 -9999 -9999 -9999 -9999 -9999 -9999 -9999 -9999 -9999 -9999 -9999 -9999 -9999 -9999 -9999 -9999 -9999 -9999 -9999 -9999 -9999 -9999 -9999 -9999 -9999 -9999 -9999 -9999 -9999 -9999 -9999 -9999 -9999 -9999 -9999 -9999 -9999 -9999 -9999 -9999 -9999 -9999 -9999 -9999 -9999 -9999 -9999 -9999 -9999 -9999 -9999 -9999 -9999 -9999 -9999 -9999 -9999 -9999 0 0 0 -9999 -9999 0 0 0 -9999 7 7 3 3 3 13 13 10 10 10 14 14 14 3 3 3 3 3 3 16 16 16 14 14 14 10 10
-9999 -9999 -9999 -9999 -9999 -9999 -9999 -9999 -9999 -9999 -9999 -9999 -9999 -9999 -9999 -9999 -9999 -9999 -9999 -9999 -9999 -9999 -9999 -9999 -9999 -9999 -9999 -9999 -9999 -9999 -9999 -9999 -9999 -9999 -9999 -9999 -9999 -9999 -9999 -9999 -9999 -9999 -9999 -9999 -9999 -9999 -9999 -9999 -9999 -9999 5 -9999 -9999 -9999 -9999 -9999 -9999 -9999 -9999 5 5 5 3 3 3 -9999 3 3 -9999 0 0 4 4 4 18 18 4 4 4 6 6 6 5 5 5 3 3 3 11 11 11 13 13 13 8 8
-9999 -9999 -9999 -9999 -9999 -9999 -9999 -9999 -9999 -9999 -9999 -9999 -9999 -9999 -9999 -9999 -9999 -9999 -9999 -9999 -9999 -9999 -9999 -9999 -9999 -9999 -9999 -9999 -9999 -9999 -9999 -9999 -9999 -9999 -9999 -9999 -9999 -9999 -9999 -9999 -9999 -9999 -9999 -9999 -9999 -9999 -9999 -9999 -9999 5 5 -9999 -9999 -9999 -9999 -9999 -9999 -9999 0 5 5 5 3 3 3 3 3 3 -9999 0 0 4 4 4 18 18 4 4 4 6 6 6 5 5 5 3 3 3 11 11 11 13 13 13 8 8
-9999 -9999 -9999 -9999 -9999 -9999 -9999 -9999 -9999 -9999 -9999 -9999 -9999 -9999 -9999 -9999 -9999 -9999 -9999 -9999 -9999 -9999 -9999 -9999 -9999 -9999 -9999 -9999 -9999 -9999 -9999 -9999 -9999 -9999 -9999 -9999 -9999 -9999 -9999 -9999 -9999 -9999 -9999 -9999 -9999 -9999 -9999 -9999 5 5 5 -9999 -9999 -9999 -9999 -9999 -9999 -9999 0 5 5 5 3 3 3 3 3 3 -9999 0 0 4 4 4 18 18 4 4 4 6 6 6 5 5 5 3 3 3 11 11 11 13 13 13 8 8
-9999 -9999 -9999 -9999 -9999 -9999 -9999 -9999 -9999 -9999 -9999 -9999 -9999 -9999 -9999 -9999 -9999 -9999 -9999 -9999 -9999 -9999 -9999 -9999 -9999 -9999 -9999 -9999 -9999 -9999 -9999 -9999 -9999 -9999 -9999 -9999 -9999 -9999 -9999 -9999 -9999 -9999 -9999 -9999 -9999 -9999 -9999 7 9 9 9 -9999 -9999 -9999 -9999 -9999 -9999 11 11 9 9 9 13 13 13 0 0 0 -9999 4 4 3 3 3 3 3 4 4 4 4 4 4 5 5 5 3 3 3 3 3 3 6 6 6 14 14
-9999 -9999 -9999 -9999 -9999 -9999 -9999 -9999 -9999 -9999 -9999 -9999 -9999 -9999 -9999 -9999 -9999 -9999 -9999 -9999 -9999 -9999 -9999 -9999 -9999 -9999 -9999 -9999 -9999 -9999 -9999 -9999 -9999 -9999 -9999 -9999 -9999 -9999 -9999 -9999 -9999 -9999 -9999 -9999 -9999 -9999 7 7 9 9 9 -9999 -9999 -9999 -9999 -9999 11 11 11 9 9 9 13 13 13 0 0 0 4 4 4 3 3 3 3 3 4 4 4 4 4 4 5 5 5 3 3 3 3 3 3 6 6 6 14 14
-9999 -9999 -9999 -9999 -9999 -9999 -9999 -9999 -9999 -9999 -9999 -9999 -9999 -9999 -9999 -9999 -9999 -9999 -9999 -9999 -9999 -9999 -9999 -9999 -9999 -9999 -9999 -9999 -9999 -9999 -9999 -9999 -9999 -9999 -9999 -9999 -9999 -9999 -9999 -9999 -9999 -9999 -9999 -9999 -9999 7 7 7 9 9 9 0 -9999 -9999 -9999 -9999 11 11 11 9 9 9 13 13 13 0 0 0 4 4 4 3 3 3 3 3 4 4 4 4 4 4 5 5 5 3 3 3 3 3 3 6 6 6 14 14
-9999 -9999 -9999 -9999 -9999 -9999 -9999 -9999 -9999 -9999 -9999 -9999 -9999 -9999 -9999 -9999 -9999 -9999 -9999 -9999 -9999 -9999 -9999 -9999 -9999 -9999 -9999 -9999 -9999 -9999 -9999 -9999 -9999 -9999 -9999 -9999 -9999 -9999 -9999 -9999 -9999 -9999 -9999 -9999 -9999 0 0 0 5 5 5 0 -9999 -9999 -9999 -9999 10 10 10 9 9 9 4 4 4 5 5 5 3 3 3 3 3 3 8 8 3 3 3 3 3 3 3 3 3 6 6 6 3 3 3 11 11 11 10 10
-9999 -9999 -9999 -9999 -9999 -9999 -9999 -9999 -9999 -9999 -9999 -9999 -9999 -9999 -9999 -9999 -9999 -9999 -9999 -9999 -9999 -9999 -9999 -9999 -9999 -9999 -9999 -9999 -9999 -9999 -9999 -9999 -9999 -9999 -9999 -9999 -9999 -9999 -9999 -9999 -9999 -9999 -9999 -9999 -9999 0 -9999 -9999 5 5 5 -9999 -9999 -9999 -9999 0 10 10 10 9 9 9 4 4 4 5 5 5 3 3 3 3 3 3 8 8 3 3 3 3 3 3 3 3 3 6 6 6 3 3 3 11 11 11 10 10
-9999 -9999 -9999 -9999 -9999 -9999 -9999 -9999 -9999 -9999 -9999 -9999 -9999 -9999 -9999 -9999 -9999 -9999 -9999 -9999 -9999 -9999 -9999 -9999 -9999 -9999 -9999 -9999 -9999 -9999 -9999 -9999 -9999 -9999 -9999 -9999 -9999 -9999 -9999 -9999 -9999 -9999 -9999 -9999 -9999 -9999 -9999 6 0 0 -9999 -9999 -9999 -9999 -9999 6 9 9 9 13 13 13 3 3 3 3 3 3 11 11 11 14 14 14 24 24 14 14 14 10 10 10 11 11 11 18 18 18 3 3 3 5 5 5 13 13
-9999 -9999 -9999 -9999 -9999 -9999 -9999 -9999 -9999 -9999 -9999 -9999 -9999 -9999 -9999 -9999 -9999 -9999 -9999 -9999 -9999 -9999 -9999 -9999 -9999 -9999 -9999 -9999 -9999 -9999 -9999 -9999 -9999 -9999 -9999 -9999 -9999 -9999 -9999 -9999 -9999 -9999 -9999 -9999 0 6 6 6 0 -9999 -9999 -9999 -9999 -9999 6 6 9 9 9 13 13 13 3 3 3 3 3 3 11 11 11 14 14 14 24 24 14 14 14 10 10 10 11 11 11 18 18 18 3 3 3 5 5 5 13 13
-9999 -9999 -9999 -9999 -9999 -9999 -9999 -9999 -9999 -9999 -9999 -9999 -9999 -9999 -9999 -9999 -9999 -9999 -9999 -9999 -9999 -9999 -9999 -9999 -9999 -9999 -9999 -9999 -9999 -9999 -9999 -9999 -9999 -9999 -9999 -9999 -9999 -9999 -9999 -9999 -9999 -9999 -9999 0 0 6 6 6 0 -9999 -9999 -9999 -9999 -9999 6 6 9 9 9 13 13 13 3 3 3 3 3 3 11 11 11 14 14 14 24 24 14 14 14 10 10 10 11 11 11 18 18 18 3 3 3 5 5 5 13 13
-9999 -9999 -9999 -9999 -9999 -9999 -9999 -9999 -9999 -9999 -9999 -9999 -9999 -9999 -9999 -9999 -9999 -9999 -9999 -9999 -9999 -9999 -9999 -9999 -9999 -9999 -9999 -9999 -9999 -9999 -9999 -9999 -9999 -9999 -9999 -9999 -9999 -9999 -9999 -9999 -9999 -9999 7 7 7 4 4 4 -9999 -9999 -9999 -9999 -9999 0 7 7 15 15 15 17 17 17 7 7 7 3 3 3 31 31 31 14 14 14 19 19 16 16 16 5 5 5 14 14 14 14 14 14 4 4 4 4 4 4 18 18
-9999 -9999 -9999 -9999 -9999 -9999 -9999 -9999 -9999 -9999 -9999 -9999 -9999 -9999 -9999 -9999 -9999 -9999 -9999 -9999 -9999 -9999 -9999 -9999 -9999 -9999 -9999 -9999 -9999 -9999 -9999 -9999 -9999 -9999 -9999 -9999 -9999 -9999 -9999 -9999 -9999 -9999 7 7 7 4 4 4 0 -9999 -9999 -9999 0 0 7 7 15 15 15 17 17 17 7 7 7 3 3 3 31 31 31 14 14 14 19 19 16 16 16 5 5 5 14 14 14 14 14 14 4 4 4 4 4 4 18 18
-9999 -9999 -9999 -9999 -9999 -9999 -9999 -9999 -9999 -9999 -9999 -9999 -9999 -9999 -9999 -9999 -9999 -9999 -9999 -9999 -9999 -9999 -9999 -9999 -9999 -9999 -9999 -9999 -9999 -9999 -9999 -9999 -9999 -9999 -9999 -9999 -9999 -9999 -9999 -9999 -9999 0 7 7 7 4 4 4 -9999 -9999 -9999 0 0 0 7 7 15 15 15 17 17 17 7 7 7 3 3 3 31 31 31 14 14 14 19 19 16 16 16 5 5 5 14 14 14 14 14 14 4 4 4 4 4 4 18 18
-9999 -9999 -9999 -9999 -9999 -9999 -9999 -9999 -9999 -9999 -9999 -9999 -9999 -9999 -9999 -9999 -9999 -9999 -9999 -9999 -9999 -9999 -9999 -9999 -9999 -9999 -9999 -9999 -9999 -9999 -9999 -9999 -9999 -9999 -9999 -9999 -9999 -9999 -9999 -9999 3 3 9 9 9 4 4 4 -9999 -9999 -9999 12 12 12 6 6 12 12 12 10 10 10 17 17 17 3 3 3 7 7 7 23 23 23 15 15 21 21 21 16 16 16 11 11 11 7 7 7 8 8 8 4 4 4 9 9
-9999 -9999 -9999 -9999 -9999 -9999 -9999 -9999 -9999 -9999 -9999 -9999 -9999 -9999 -9999 -9999 -9999 -9999 -9999 -9999 -9999 -9999 -9999 -9999 -9999 -9999 -9999 -9999 -9999 -9999 -9999 -9999 -9999 -9999 -9999 -9999 -9999 -9999 0 3 3 3 9 9 9 4 4 4 6 -9999 6 12 12 12 6 6 12 12 12 10 10 10 17 17 17 3 3 3 7 7 7 23 23 23 15 15 21 21 21 16 16 16 11 11 11 7 7 7 8 8 8 4 4 4 9 9
-9999 -9999 -9999 -9999 -9999 -9999 -9999 -9999 -9999 -9999 -9999 -9999 -9999 -9999 -9999 -9999 -9999 -9999 -9999 -9999 -9999 -9999 -9999 -9999 -9999 -9999 -9999 -9999 -9999 -9999 -9999 -9999 -9999 -9999 -9999 -9999 -9999 0 0 3 3 3 9 9 9 4 4 4 6 6 6 12 12 12 6 6 12 12 12 10 10 10 17 17 17 3 3 3 7 7 7 23 23 23 15 15 21 21 21 16 16 16 11 11 11 7 7 7 8 8 8 4 4 4 9 9
-9999 -9999 -9999 -9999 -9999 -9999 -9999 -9999 -9999 -9999 -9999 -9999 -9999 -9999 -9999 -9999 -9999 -9999 -9999 -9999 -9999 -9999 -9999 -9999 -9999 -9999 -9999 -9999 -9999 -9999 -9999 -9999 -9999 -9999 -9999 -9999 -9999 4 4 7 7 7 9 9 9 5 5 5 5 5 5 10 10 10 4 4 7 7 7 15 15 15 14 14 14 4 4 4 5 5 5 14 14 14 15 15 18 18 18 13 13 13 9 9 9 11 11 11 5 5 5 5 5 5 12 12
-9999 -9999 -9999 -9999 -9999 -9999 -9999 -9999 -9999 -9999 -9999 -9999 -9999 -9999 -9999 -9999 -9999 -9999 -9999 -9999 -9999 -9999 -9999 -9999 -9999 -9999 -9999 -9999 -9999 -9999 -9999 -9999 -9999 -9999 -9999 -9999 4 4 4 7 7 7 9 9 9 5 5 5 5 5 5 10 10 10 4 4 7 7 7 15 15 15 14 14 14 4 4 4 5 5 5 14 14 14 15 15 18 18 18 13 13 13 9 9 9 11 11 11 5 5 5 5 5 5 12 12
-9999 -9999 -9999 -9999 -9999 -9999 -9999 -9999 -9999 -9999 -9999 -9999 -9999 -9999 -9999 -9999 -9999 -9999 -9999 -9999 -9999 -9999 -9999 -9999 -9999 -9999 -9999 -9999 -9999 -9999 0 0 0 -9999 -9999 -9999 4 4 4 7 7 7 9 9 9 5 5 5 5 5 5 10 10 10 4 4 7 7 7 15 15 15 14 14 14 4 4 4 5 5 5 14 14 14 15 15 18 18 18 13 13 13 9 9 9 11 11 11 5 5 5 5 5 5 12 12
-9999 -9999 -9999 -9999 -9999 -9999 -9999 -9999 -9999 -9999 -9999 -9999 -9999 -9999 -9999 -9999 -9999 -9999 -9999 -9999 -9999 -9999 -9999 -9999 -9999 -9999 -9999 -9999 -9999 6 6 8 8 -9999 -9999 -9999 -9999 0 0 6 6 6 8 8 8 8 8 8 3 3 3 9 9 9 9 9 8 8 8 6 6 6 13 13 13 3 3 3 6 6 6 10 10 10 12 12 29 29 29 17 17 17 9 9 9 6 6 6 13 13 13 9 9 9 11 11
-9999 -9999 -9999 -9999 -9999 -9999 -9999 -9999 -9999 -9999 -9999 -9999 -9999 -9999 -9999 -9999 -9999 -9999 -9999 -9999 -9999 -9999 -9999 -9999 -9999 -9999 -9999 -9999 6 6 6 8 8 -9999 -9999 -9999 -9999 -9999 0 6 6 6 8 8 8 8 8 8 3 3 3 9 9 9 9 9 8 8 8 6 6 6 13 13 13 3 3 3 6 6 6 10 10 10 12 12 29 29 29 17 17 17 9 9 9 6 6 6 13 13 13 9 9 9 11 11
-9999 -9999 -9999 -9999 -9999 -9999 -9999 -9999 -9999 -9999 -9999 -9999 -9999 -9999 -9999 -9999 -9999 -9999 -9999 -9999 -9999 -9999 -9999 -9999 -9999 -9999 0 0 6 6 6 8 8 8 0 0 -9999 -9999 -9999 -9999 6 6 8 8 8 8 8 8 3 3 3 9 9 9 9 9 8 8 8 6 6 6 13 13 13 3 3 3 6 6 6 10 10 10 12 12 29 29 29 17 17 17 9 9 9 6 6 6 13 13 13 9 9 9 11 11
-9999 -9999 -9999 -9999 -9999 -9999 -9999 -9999 -9999 -9999 -9999 -9999 -9999 -9999 -9999 -9999 -9999 -9999 -9999 -9999 -9999 -9999 -9999 -9999 -9999 6 6 6 8 8 8 6 6 6 0 0 0 -9999 -9999 8 8 8 0 0 0 6 6 6 3 3 3 3 3 3 8 8 12 12 12 28 28 28 8 8 8 4 4 4 3 3 3 3 3 3 5 5 18 18 18 10 10 10 9 9 9 6 6 6 12 12 12 10 10 10 5 5
-9999 -9999 -9999 -9999 -9999 -9999 -9999 -9999 -9999 -9999 -9999 -9999 -9999 -9999 -9999 -9999 -9999 -9999 -9999 -9999 -9999 -9999 -9999 -9999 0 6 6 6 8 8 8 6 6 6 0 0 -9999 -9999 -9999 -9999 8 8 0 0 0 6 6 6 3 3 3 3 3 3 8 8 12 12 12 28 28 28 8 8 8 4 4 4 3 3 3 3 3 3 5 5 18 18 18 10 10 10 9 9 9 6 6 6 12 12 12 10 10 10 5 5
-9999 -9999 -9999 -9999 -9999 -9999 -9999 -9999 -9999 -9999 -9999 -9999 -9999 -9999 -9999 -9999 -9999 -9999 -9999 -9999 -9999 -9999 0 0 0 6 6 6 8 8 8 6 6 6 0 -9999 -9999 -9999 -9999 -9999 8 8 0 0 0 6 6 6 3 3 3 3 3 3 8 8 12 12 12 28 28 28 8 8 8 4 4 4 3 3 3 3 3 3 5 5 18 18 18 10 10 10 9 9 9 6 6 6 12 12 12 10 10 10 5 5
-9999 -9999 -9999 -9999 -9999 -9999 -9999 -9999 -9999 -9999 -9999 -9999 -9999 -9999 -9999 -9999 -9999 -9999 -9999 -9999 -9999 4 4 4 4 10 10 10 6 6 6 3 3 3 -9999 -9999 -9999 -9999 -9999 -9999 -9999 0 10 10 10 9 9 9 3 3 3 3 3 3 4 4 22 22 22 25 25 25 11 11 11 16 16 16 19 19 19 11 11 11 17 17 19 19 19 19 19 19 16 16 16 7 7 7 10 10 10 7 7 7 7 7
-9999 -9999 -9999 -9999 -9999 -9999 -9999 -9999 -9999 -9999 -9999 -9999 -9999 -9999 -9999 -9999 -9999 -9999 -9999 -9999 4 4 4 4 4 10 10 10 6 6 6 3 3 3 -9999 -9999 -9999 -9999 0 0 0 0 10 10 10 9 9 9 3 3 3 3 3 3 4 4 22 22 22 25 25 25 11 11 11 16 16 16 19 19 19 11 11 11 17 17 19 19 19 19 19 19 16 16 16 7 7 7 10 10 10 7 7 7 7 7
-9999 -9999 -9999 -9999 -9999 -9999 -9999 -9999 -9999 -9999 -9999 -9999 -9999 -9999 -9999 -9999 -9999 -9999 13 8 8 8 8 8 8 10 10 10 6 6 6 0 0 -9999 -9999 2 4 4 4 7 7 7 11 11 11 14 14 14 8 8 8 5 5 5 8 8 15 15 15 17 17 17 11 11 11 21 21 21 15 15 15 25 25 25 10 10 16 16 16 12 12 12 13 13 13 12 12 12 14 14 14 10 10 10 10 10
-9999 -9999 -9999 -9999 -9999 -9999 -9999 -9999 -9999 -9999 -9999 -9999 -9999 -9999 -9999 -9999 0 13 13 8 8 8 8 8 8 10 10 10 6 6 6 0 0 0 2 -9999 4 4 4 7 7 7 11 11 11 14 14 14 8 8 8 5 5 5 8 8 15 15 15 17 17 17 11 11 11 21 21 21 15 15 15 25 25 25 10 10 16 16 16 12 12 12 13 13 13 12 12 12 14 14 14 10 10 10 10 10
-9999 -9999 -9999 -9999 -9999 -9999 -9999 -9999 -9999 -9999 -9999 -9999 -9999 -9999 -9999 0 0 13 13 8 8 8 8 8 8 10 10 10 6 6 6 0 0 0 2 2 4 4 4 7 7 7 11 11 11 14 14 14 8 8 8 5 5 5 8 8 15 15 15 17 17 17 11 11 11 21 21 21 15 15 15 25 25 25 10 10 16 16 16 12 12 12 13 13 13 12 12 12 14 14 14 10 10 10 10 10
-9999 -9999 -9999 -9999 -9999 -9999 -9999 -9999 -9999 -9999 -9999 -9999 -9999 -9999 9 9 9 12 12 4 4 4 8 8 8 5 5 5 7 7 7 8 8 8 3 3 11 11 11 12 12 12 8 8 8 10 10 10 8 8 8 9 9 9 8 8 16 16 16 26 26 26 8 8 8 10 10 10 22 22 22 15 15 15 15 15 14 14 14 22 22 22 29 29 29 20 20 20 13 13 13 14 14 14 3 3
-9999 -9999 -9999 -9999 -9999 -9999 -9999 -9999 -9999 -9999 -9999 -9999 -9999 0 9 9 9 12 12 4 4 4 8 8 8 5 5 5 7 7 7 8 8 8 3 3 11 11 11 12 12 12 8 8 8 10 10 10 8 8 8 9 9 9 8 8 16 16 16 26 26 26 8 8 8 10 10 10 22 22 22 15 15 15 15 15 14 14 14 22 22 22 29 29 29 20 20 20 13 13 13 14 14 14 3 3
-9999 -9999 -9999 -9999 -9999 -9999 -9999 -9999 -9999 -9999 -9999 -9999 0 0 9 9 9 12 12 4 4 4 8 8 8 5 5 5 7 7 7 8 8 8 3 3 11 11 11 12 12 12 8 8 8 10 10 10 8 8 8 9 9 9 8 8 16 16 16 26 26 26 8 8 8 10 10 10 22 22 22 15 15 15 15 15 14 14 14 22 22 22 29 29 29 20 20 20 13 13 13 14 14 14 3 3
-9999 -9999 -9999 -9999 -9999 -9999 -9999 -9999 -9999 -9999 -9999 8 8 8 10 10 10 8 8 11 11 11 5 5 5 5 5 5 13 13 13 5 5 5 8 8 7 7 7 11 11 11 8 8 8 5 5 5 6 6 6 6 6 6 13 13 15 15 15 5 5 5 17 17 17 18 18 18 23 23 23 14 14 14 16 16 21 21 21 19 19 19 18 18 18 11 11 11 19 19 19 9 9 9 3 3
-9999 -9999 -9999 -9999 -9999 -9999 -9999 -9999 -9999 -9999 -9999 8 8 8 10 10 10 8 8 11 11 11 5 5 5 5 5 5 13 13 13 5 5 5 8 8 7 7 7 11 11 11 8 8 8 5 5 5 6 6 6 6 6 6 13 13 15 15 15 5 5 5 17 17 17 18 18 18 23 23 23 14 14 14 16 16 21 21 21 19 19 19 18 18 18 11 11 11 19 19 19 9 9 9 3 3
-9999 -9999 -9999 0 0 0 0 0 -9999 -9999 -9999 8 8 8 10 10 10 8 8 11 11 11 5 5 5 5 5 5 13 13 13 5 5 5 8 8 7 7 7 11 11 11 8 8 8 5 5 5 6 6 6 6 6 6 13 13 15 15 15 5 5 5 17 17 17 18 18 18 23 23 23 14 14 14 16 16 21 21 21 19 19 19 18 18 18 11 11 11 19 19 19 9 9 9 3 3
-9999 -9999 8 8 8 6 6 6 0 -9999 -9999 -9999 -9999 4 33 33 33 17 17 9 9 9 5 5 5 7 7 7 11 11 11 3 3 3 12 12 14 14 14 10 10 10 6 6 6 6 6 6 4 4 4 10 10 10 10 10 13 13 13 14 14 14 22 22 22 22 22 22 13 13 13 17 17 17 18 18 12 12 12 15 15 15 22 22 22 14 14 14 15 15 15 11 11 11 17 17
-9999 0 8 8 8 6 6 6 -9999 -9999 -9999 -9999 4 4 33 33 33 17 17 9 9 9 5 5 5 7 7 7 11 11 11 3 3 3 12 12 14 14 14 10 10 10 6 6 6 6 6 6 4 4 4 10 10 10 10 10 13 13 13 14 14 14 22 22 22 22 22 22 13 13 13 17 17 17 18 18 12 12 12 15 15 15 22 22 22 14 14 14 15 15 15 11 11 11 17 17
0 0 -9999 8 8 6 6 6 -9999 -9999 -9999 4 4 4 33 33 33 17 17 9 9 9 5 5 5 7 7 7 11 11 11 3 3 3 12 12 14 14 14 10 10 10 6 6 6 6 6 6 4 4 4 10 10 10 10 10 13 13 13 14 14 14 22 22 22 22 22 22 13 13 13 17 17 17 18 18 12 12 12 15 15 15 22 22 22 14 14 14 15 15 15 11 11 11 17 17
-9999 -9999 5 5 5 6 6 6 0 -9999 0 0 0 0 11 11 11 10 10 4 4 4 7 7 7 7 7 7 3 3 3 3 3 3 4 4 10 10 10 7 7 7 8 8 8 6 6 6 7 7 7 9 9 9 15 15 19 19 19 16 16 16 13 13 13 6 6 6 10 10 10 8 8 8 12 12 16 16 16 7 7 7 10 10 10 25 25 25 8 8 8 4 4 4 4 4
