Madagascar1218CLEAN/DATA/forest.txt
ncols         251
nrows         471
xllcorner     43.217484268189
yllcorner     -25.606154098314
cellsize      0.029
NODATA_value  -9999
[rows 264 to 307 of 471, columns 96 to 191 of 251]
0 0 1 1 1 1 1 1 2 2 2 2 2 2 1 1 1 0 0 0 0 0 0 0 0 0 0 0 0 0 0 17 17 17 33 33 4 4 4 22 22 22 32 32 32 14 14 14 10 10 10 14 14 14 29 29 35 35 35 41 41 41 79 79 79 56 56 56 44 44 44 49 49 49 40 40 39 39 39 46 46 46 54 54 54 66 66 66 42 42 42 42 42 42 48 48
0 0 1 1 1 1 1 1 2 2 2 2 2 2 1 1 1 0 0 0 0 0 0 0 0 0 0 0 0 0 0 17 17 17 33 33 4 4 4 22 22 22 32 32 32 14 14 14 10 10 10 14 14 14 29 29 35 35 35 41 41 41 79 79 79 56 56 56 44 44 44 49 49 49 40 40 39 39 39 46 46 46 54 54 54 66 66 66 42 42 42 42 42 42 48 48
1 1 4 4 4 2 2 2 1 1 1 1 1 1 1 1 1 0 0 0 0 0 0 0 0 1 1 1 6 6 6 13 13 13 9 9 5 5 5 27 27 27 18 18 18 11 11 11 10 10 10 18 18 18 25 25 30 30 30 76 76 76 79 79 79 58 58 58 43 43 43 43 43 43 43 43 42 42 42 42 42 42 53 53 53 46 46 46 46 46 46 55 55 55 52 52
1 1 4 4 4 2 2 2 1 1 1 1 1 1 1 1 1 0 0 0 0 0 0 0 0 1 1 1 6 6 6 13 13 13 9 9 5 5 5 27 27 27 18 18 18 11 11 11 10 10 10 18 18 18 25 25 30 30 30 76 76 76 79 79 79 58 58 58 43 43 43 43 43 43 43 43 42 42 42 42 42 42 53 53 53 46 46 46 46 46 46 55 55 55 52 52
1 1 4 4 4 2 2 2 1 1 1 1 1 1 1 1 1 0 0 0 0 0 0 0 0 1 1 1 6 6 6 13 13 13 9 9 5 5 5 27 27 27 18 18 18 11 11 11 10 10 10 18 18 18 25 25 30 30 30 76 76 76 79 79 79 58 58 58 43 43 43 43 43 43 43 43 42 42 42 42 42 42 53 53 53 46 46 46 46 46 46 55 55 55 52 52
3 3 3 3 3 2 2 2 3 3 3 3 3 3 2 2 2 0 0 0 0 0 0 0 0 1 1 1 0 0 0 1 1 1 2 2 1 1 1 6 6 6 8 8 8 2 2 2 17 17 17 23 23 23 25 25 32 32 32 66 66 66 79 79 79 47 47 47 44 44 44 43 43 43 40 40 42 42 42 43 43 43 49 49 49 47 47 47 42 42 42 43 43 43 52 52
3 3 3 3 3 2 2 2 3 3 3 3 3 3 2 2 2 0 0 0 0 0 0 0 0 1 1 1 0 0 0 1 1 1 2 2 1 1 1 6 6 6 8 8 8 2 2 2 17 17 17 23 23 23 25 25 32 32 32 66 66 66 79 79 79 47 47 47 44 44 44 43 43 43 40 40 42 42 42 43 43 43 49 49 49 47 47 47 42 42 42 43 43 43 52 52
3 3 3 3 3 2 2 2 3 3 3 3 3 3 2 2 2 0 0 0 0 0 0 0 0 1 1 1 0 0 0 1 1 1 2 2 1 1 1 6 6 6 8 8 8 2 2 2 17 17 17 23 23 23 25 25 32 32 32 66 66 66 79 79 79 47 47 47 44 44 44 43 43 43 40 40 42 42 42 43 43 43 49 49 49 47 47 47 42 42 42 43 43 43 52 52
3 3 2 2 2 2 2 2 1 1 1 1 1 1 0 0 0 0 0 0 0 0 0 0 0 0 0 0 0 0 0 0 0 0 0 0 2 2 2 5 5 5 1 1 1 2 2 2 19 19 19 24 24 24 30 30 51 51 51 78 78 78 79 79 79 54 54 54 45 45 45 43 43 43 43 43 48 48 48 42 42 42 44 44 44 42 42 42 43 43 43 42 42 42 41 41
3 3 2 2 2 2 2 2 1 1 1 1 1 1 0 0 0 0 0 0 0 0 0 0 0 0 0 0 0 0 0 0 0 0 0 0 2 2 2 5 5 5 1 1 1 2 2 2 19 19 19 24 24 24 30 30 51 51 51 78 78 78 79 79 79 54 54 54 45 45 45 43 43 43 43 43 48 48 48 42 42 42 44 44 44 42 42 42 43 43 43 42 42 42 41 41
3 3 2 2 2 2 2 2 1 1 1 1 1 1 0 0 0 0 0 0 0 0 0 0 0 0 0 0 0 0 0 0 0 0 0 0 2 2 2 5 5 5 1 1 1 2 2 2 19 19 19 24 24 24 30 30 51 51 51 78 78 78 79 79 79 54 54 54 45 45 45 43 43 43 43 43 48 48 48 42 42 42 44 44 44 42 42 42 43 43 43 42 42 42 41 41
1 1 2 2 2 1 1 1 2 2 2 1 1 1 0 0 0 0 0 1 1 1 1 1 1 1 1 1 1 1 1 0 0 0 1 1 0 0 0 0 0 0 13 13 13 4 4 4 13 13 13 33 33 33 38 38 78 78 78 68 68 68 75 75 75 44 44 44 63 63 63 49 49 49 44 44 72 72 72 47 47 47 52 52 52 47 47 47 53 53 53 60 60 60 36 36
1 1 2 2 2 1 1 1 2 2 2 1 1 1 0 0 0 0 0 1 1 1 1 1 1 1 1 1 1 1 1 0 0 0 1 1 0 0 0 0 0 0 13 13 13 4 4 4 13 13 13 33 33 33 38 38 78 78 78 68 68 68 75 75 75 44 44 44 63 63 63 49 49 49 44 44 72 72 72 47 47 47 52 52 52 47 47 47 53 53 53 60 60 60 36 36
1 1 2 2 2 1 1 1 2 2 2 1 1 1 0 0 0 0 0 1 1 1 1 1 1 1 1 1 1 1 1 0 0 0 1 1 0 0 0 0 0 0 13 13 13 4 4 4 13 13 13 33 33 33 38 38 78 78 78 68 68 68 75 75 75 44 44 44 63 63 63 49 49 49 44 44 72 72 72 47 47 47 52 52 52 47 47 47 53 53 53 60 60 60 36 36
2 2 1 1 1 2 2 2 1 1 1 0 0 0 1 1 1 0 0 0 0 0 1 1 1 1 1 1 3 3 3 3 3 3 8 8 7 7 7 4 4 4 8 8 8 14 14 14 14 14 14 40 40 40 49 49 79 79 79 65 65 65 43 43 43 44 44 44 51 51 51 46 46 46 59 59 53 53 53 45 45 45 42 42 42 43 43 43 44 44 44 59 59 59 0 -9999
2 2 1 1 1 2 2 2 1 1 1 0 0 0 1 1 1 0 0 0 0 0 1 1 1 1 1 1 3 3 3 3 3 3 8 8 7 7 7 4 4 4 8 8 8 14 14 14 14 14 14 40 40 40 49 49 79 79 79 65 65 65 43 43 43 44 44 44 51 51 51 46 46 46 59 59 53 53 53 45 45 45 42 42 42 43 43 43 44 44 44 59 59 59 0 -9999
1 1 2 2 2 1 1 1 0 0 0 0 0 0 0 0 0 2 2 0 0 0 1 1 1 1 1 1 0 0 0 3 3 3 10 10 7 7 7 7 7 7 4 4 4 3 3 3 18 18 18 20 20 20 41 41 72 72 72 65 65 65 40 40 40 52 52 52 47 47 47 47 47 47 61 61 55 55 55 41 41 41 42 42 42 43 43 43 48 48 48 43 43 43 0 -9999
1 1 2 2 2 1 1 1 0 0 0 0 0 0 0 0 0 2 2 0 0 0 1 1 1 1 1 1 0 0 0 3 3 3 10 10 7 7 7 7 7 7 4 4 4 3 3 3 18 18 18 20 20 20 41 41 72 72 72 65 65 65 40 40 40 52 52 52 47 47 47 47 47 47 61 61 55 55 55 41 41 41 42 42 42 43 43 43 48 48 48 43 43 43 -9999 -9999
1 1 2 2 2 1 1 1 0 0 0 0 0 0 0 0 0 2 2 0 0 0 1 1 1 1 1 1 0 0 0 3 3 3 10 10 7 7 7 7 7 7 4 4 4 3 3 3 18 18 18 20 20 20 41 41 72 72 72 65 65 65 40 40 40 52 52 52 47 47 47 47 47 47 61 61 55 55 55 41 41 41 42 42 42 43 43 43 48 48 48 43 43 43 -9999 -9999
2 2 2 2 2 2 2 2 1 1 1 1 1 1 0 0 0 1 1 1 1 1 0 0 0 2 2 2 1 1 1 1 1 1 2 2 20 20 20 9 9 9 5 5 5 16 16 16 20 20 20 16 16 16 23 23 77 77 77 73 73 73 43 43 43 67 67 67 50 50 50 60 60 60 55 55 46 46 46 43 43 43 43 43 43 49 49 49 52 52 52 0 0 -9999 -9999 -9999
2 2 2 2 2 2 2 2 1 1 1 1 1 1 0 0 0 1 1 1 1 1 0 0 0 2 2 2 1 1 1 1 1 1 2 2 20 20 20 9 9 9 5 5 5 16 16 16 20 20 20 16 16 16 23 23 77 77 77 73 73 73 43 43 43 67 67 67 50 50 50 60 60 60 55 55 46 46 46 43 43 43 43 43 43 49 49 49 52 52 52 0 -9999 -9999 -9999 -9999
2 2 2 2 2 2 2 2 1 1 1 1 1 1 0 0 0 1 1 1 1 1 0 0 0 2 2 2 1 1 1 1 1 1 2 2 20 20 20 9 9 9 5 5 5 16 16 16 20 20 20 16 16 16 23 23 77 77 77 73 73 73 43 43 43 67 67 67 50 50 50 60 60 60 55 55 46 46 46 43 43 43 43 43 43 49 49 49 52 52 52 0 -9999 -9999 -9999 -9999
1 1 1 1 1 1 1 1 1 1 1 1 1 1 0 0 0 1 1 2 2 2 2 2 2 1 1 1 2 2 2 3 3 3 2 2 12 12 12 13 13 13 4 4 4 6 6 6 5 5 5 12 12 12 46 46 75 75 75 60 60 60 58 58 58 65 65 65 45 45 45 69 69 69 45 45 44 44 44 42 42 42 43 43 43 49 49 49 48 48 48 0 -9999 -9999 -9999 -9999
1 1 1 1 1 1 1 1 1 1 1 1 1 1 0 0 0 1 1 2 2 2 2 2 2 1 1 1 2 2 2 3 3 3 2 2 12 12 12 13 13 13 4 4 4 6 6 6 5 5 5 12 12 12 46 46 75 75 75 60 60 60 58 58 58 65 65 65 45 45 45 69 69 69 45 45 44 44 44 42 42 42 43 43 43 49 49 49 48 48 48 -9999 -9999 -9999 -9999 -9999
1 1 1 1 1 1 1 1 1 1 1 1 1 1 0 0 0 1 1 2 2 2 2 2 2 1 1 1 2 2 2 3 3 3 2 2 12 12 12 13 13 13 4 4 4 6 6 6 5 5 5 12 12 12 46 46 75 75 75 60 60 60 58 58 58 65 65 65 45 45 45 69 69 69 45 45 44 44 44 42 42 42 43 43 43 49 49 49 48 48 48 -9999 -9999 -9999 -9999 -9999
6 6 2 2 2 0 0 0 2 2 2 1 1 1 1 1 1 0 0 1 1 1 1 1 1 1 1 1 1 1 1 3 3 3 1 1 2 2 2 6 6 6 24 24 24 5 5 5 10 10 10 41 41 41 78 78 71 71 71 56 56 56 70 70 70 62 62 62 57 57 57 68 68 68 41 41 39 39 39 43 43 43 44 44 44 57 57 57 0 0 -9999 -9999 -9999 -9999 -9999 -9999
6 6 2 2 2 0 0 0 2 2 2 1 1 1 1 1 1 0 0 1 1 1 1 1 1 1 1 1 1 1 1 3 3 3 1 1 2 2 2 6 6 6 24 24 24 5 5 5 10 10 10 41 41 41 78 78 71 71 71 56 56 56 70 70 70 62 62 62 57 57 57 68 68 68 41 41 39 39 39 43 43 43 44 44 44 57 57 57 0 0 -9999 -9999 -9999 -9999 -9999 -9999
6 6 2 2 2 0 0 0 2 2 2 1 1 1 1 1 1 0 0 1 1 1 1 1 1 1 1 1 1 1 1 3 3 3 1 1 2 2 2 6 6 6 24 24 24 5 5 5 10 10 10 41 41 41 78 78 71 71 71 56 56 56 70 70 70 62 62 62 57 57 57 68 68 68 41 41 39 39 39 43 43 43 44 44 44 57 57 57 0 0 -9999 -9999 -9999 -9999 -9999 -9999
2 2 2 2 2 1 1 1 2 2 2 1 1 1 1 1 1 2 2 1 1 1 1 1 1 0 0 0 1 1 1 1 1 1 1 1 1 1 1 22 22 22 7 7 7 7 7 7 23 23 23 65 65 65 79 79 80 80 80 77 77 77 65 65 65 55 55 55 77 77 77 64 64 64 55 55 41 41 41 43 43 43 49 49 49 36 36 36 0 -9999 -9999 -9999 -9999 -9999 -9999 -9999
2 2 2 2 2 1 1 1 2 2 2 1 1 1 1 1 1 2 2 1 1 1 1 1 1 0 0 0 1 1 1 1 1 1 1 1 1 1 1 22 22 22 7 7 7 7 7 7 23 23 23 65 65 65 79 79 80 80 80 77 77 77 65 65 65 55 55 55 77 77 77 64 64 64 55 55 41 41 41 43 43 43 49 49 49 36 36 36 0 -9999 -9999 -9999 -9999 -9999 -9999 -9999
2 2 2 2 2 1 1 1 2 2 2 1 1 1 1 1 1 2 2 1 1 1 1 1 1 0 0 0 1 1 1 1 1 1 1 1 1 1 1 22 22 22 7 7 7 7 7 7 23 23 23 65 65 65 79 79 80 80 80 77 77 77 65 65 65 55 55 55 77 77 77 64 64 64 55 55 41 41 41 43 43 43 49 49 49 36 36 36 0 -9999 -9999 -9999 -9999 -9999 -9999 -9999
1 1 1 1 1 1 1 1 1 1 1 0 0 0 0 0 0 1 1 1 1 1 1 1 1 1 1 1 1 1 1 0 0 0 0 0 1 1 1 38 38 38 46 46 46 24 24 24 59 59 59 76 76 76 79 79 79 79 79 70 70 70 62 62 62 49 49 49 77 77 77 56 56 56 42 42 42 42 42 44 44 44 52 52 52 28 28 28 -9999 -9999 -9999 -9999 -9999 -9999 -9999 -9999
1 1 1 1 1 1 1 1 1 1 1 0 0 0 0 0 0 1 1 1 1 1 1 1 1 1 1 1 1 1 1 0 0 0 0 0 1 1 1 38 38 38 46 46 46 24 24 24 59 59 59 76 76 76 79 79 79 79 79 70 70 70 62 62 62 49 49 49 77 77 77 56 56 56 42 42 42 42 42 44 44 44 52 52 52 28 28 28 -9999 -9999 -9999 -9999 -9999 -9999 -9999 -9999
1 1 1 1 1 1 1 1 1 1 1 0 0 0 0 0 0 1 1 1 1 1 1 1 1 1 1 1 1 1 1 0 0 0 0 0 1 1 1 38 38 38 46 46 46 24 24 24 59 59 59 76 76 76 79 79 79 79 79 70 70 70 62 62 62 49 49 49 77 77 77 56 56 56 42 42 42 42 42 44 44 44 52 52 52 28 28 28 -9999 -9999 -9999 -9999 -9999 -9999 -9999 -9999
0 0 0 0 0 0 0 0 1 1 1 0 0 0 1 1 1 1 1 1 1 1 1 1 1 0 0 0 0 0 0 0 0 0 0 0 2 2 2 7 7 7 23 23 23 30 30 30 76 76 76 61 61 61 74 74 69 69 69 65 65 65 54 54 54 65 65 65 68 68 68 58 58 58 41 41 42 42 42 43 43 43 49 49 49 0 0 -9999 -9999 -9999 -9999 -9999 -9999 -9999 -9999 -9999
0 0 0 0 0 0 0 0 1 1 1 0 0 0 1 1 1 1 1 1 1 1 1 1 1 0 0 0 0 0 0 0 0 0 0 0 2 2 2 7 7 7 23 23 23 30 30 30 76 76 76 61 61 61 74 74 69 69 69 65 65 65 54 54 54 65 65 65 68 68 68 58 58 58 41 41 42 42 42 43 43 43 49 49 49 0 0 -9999 -9999 -9999 -9999 -9999 -9999 -9999 -9999 -9999
1 1 1 1 1 0 0 0 1 1 1 1 1 1 1 1 1 2 2 1 1 1 0 0 0 1 1 1 2 2 2 1 1 1 0 0 3 3 3 7 7 7 34 34 34 69 69 69 76 76 76 55 55 55 60 60 49 49 49 56 56 56 66 66 66 70 70 70 59 59 59 48 48 48 44 44 42 42 42 43 43 43 52 52 52 0 0 -9999 -9999 -9999 -9999 -9999 -9999 -9999 -9999 -9999
1 1 1 1 1 0 0 0 1 1 1 1 1 1 1 1 1 2 2 1 1 1 0 0 0 1 1 1 2 2 2 1 1 1 0 0 3 3 3 7 7 7 34 34 34 69 69 69 76 76 76 55 55 55 60 60 49 49 49 56 56 56 66 66 66 70 70 70 59 59 59 48 48 48 44 44 42 42 42 43 43 43 52 52 52 0 -9999 -9999 -9999 -9999 -9999 -9999 -9999 -9999 -9999 -9999
1 1 1 1 1 0 0 0 1 1 1 1 1 1 1 1 1 2 2 1 1 1 0 0 0 1 1 1 2 2 2 1 1 1 0 0 3 3 3 7 7 7 34 34 34 69 69 69 76 76 76 55 55 55 60 60 49 49 49 56 56 56 66 66 66 70 70 70 59 59 59 48 48 48 44 44 42 42 42 43 43 43 52 52 52 0 -9999 -9999 -9999 -9999 -9999 -9999 -9999 -9999 -9999 -9999
1 1 2 2 2 1 1 1 1 1 1 1 1 1 2 2 2 1 1 2 2 2 2 2 2 0 0 0 0 0 0 0 0 0 2 2 8 8 8 46 46 46 23 23 23 79 79 79 72 72 72 73 73 73 65 65 75 75 75 59 59 59 66 66 66 51 51 51 69 69 69 46 46 46 43 43 42 42 42 42 42 42 43 43 43 0 -9999 -9999 -9999 -9999 -9999 -9999 -9999 -9999 -9999 -9999
1 1 2 2 2 1 1 1 1 1 1 1 1 1 2 2 2 1 1 2 2 2 2 2 2 0 0 0 0 0 0 0 0 0 2 2 8 8 8 46 46 46 23 23 23 79 79 79 72 72 72 73 73 73 65 65 75 75 75 59 59 59 66 66 66 51 51 51 69 69 69 46 46 46 43 43 42 42 42 42 42 42 43 43 43 0 -9999 -9999 -9999 -9999 -9999 -9999 -9999 -9999 -9999 -9999
1 1 2 2 2 1 1 1 1 1 1 1 1 1 2 2 2 1 1 2 2 2 2 2 2 0 0 0 0 0 0 0 0 0 2 2 8 8 8 46 46 46 23 23 23 79 79 79 72 72 72 73 73 73 65 65 75 75 75 59 59 59 66 66 66 51 51 51 69 69 69 46 46 46 43 43 42 42 42 42 42 42 43 43 43 -9999 -9999 -9999 -9999 -9999 -9999 -9999 -9999 -9999 -9999 -9999
0 0 0 0 0 1 1 1 0 0 0 0 0 0 0 0 0 1 1 3 3 3 2 2 2 0 0 0 1 1 1 0 0 0 2 2 3 3 3 21 21 21 38 38 38 75 75 75 65 65 65 60 60 60 52 52 66 66 66 72 72 72 72 72 72 62 62 62 78 78 78 60 60 60 48 48 49 49 49 63 63 63 27 27 27 -9999 -9999 -9999 -9999 -9999 -9999 -9999 -9999 -9999 -9999 -9999
0 0 0 0 0 1 1 1 0 0 0 0 0 0 0 0 0 1 1 3 3 3 2 2 2 0 0 0 1 1 1 0 0 0 2 2 3 3 3 21 21 21 38 38 38 75 75 75 65 65 65 60 60 60 52 52 66 66 66 72 72 72 72 72 72 62 62 62 78 78 78 60 60 60 48 48 49 49 49 63 63 63 27 27 27 -9999 -9999 -9999 -9999 -9999 -9999 -9999 -9999 -9999 -9999 -9999
