Madagascar1218CLEAN/DATA/forest.txt
ncols         251
nrows         471
xllcorner     43.217484268189
yllcorner     -25.606154098314
cellsize      0.029
NODATA_value  -9999
[rows 176 to 219 of 471, columns 96 to 191 of 251]
2 2 0 0 0 0 0 0 0 0 0 0 0 0 0 0 0 4 4 13 13 13 8 8 8 0 0 0 0 0 0 0 0 0 3 3 6 6 6 0 0 0 4 4 4 9 9 9 3 3 3 0 0 0 1 1 0 0 0 0 0 0 0 0 0 1 1 1 9 9 9 24 24 24 0 0 0 0 0 0 0 0 0 0 0 5 5 5 8 8 8 63 63 63 74 74
6 6 1 1 1 0 0 0 0 0 0 0 0 0 3 3 3 3 3 0 0 0 0 0 0 0 0 0 0 0 0 0 0 0 10 10 11 11 11 0 0 0 3 3 3 1 1 1 0 0 0 0 0 0 0 0 0 0 0 0 0 0 0 0 0 0 0 0 0 0 0 0 0 0 2 2 4 4 4 0 0 0 0 0 0 2 2 2 19 19 19 72 72 72 74 74
6 6 1 1 1 0 0 0 0 0 0 0 0 0 3 3 3 3 3 0 0 0 0 0 0 0 0 0 0 0 0 0 0 0 10 10 11 11 11 0 0 0 3 3 3 1 1 1 0 0 0 0 0 0 0 0 0 0 0 0 0 0 0 0 0 0 0 0 0 0 0 0 0 0 2 2 4 4 4 0 0 0 0 0 0 2 2 2 19 19 19 72 72 72 74 74
6 6 1 1 1 0 0 0 0 0 0 0 0 0 3 3 3 3 3 0 0 0 0 0 0 0 0 0 0 0 0 0 0 0 10 10 11 11 11 0 0 0 3 3 3 1 1 1 0 0 0 0 0 0 0 0 0 0 0 0 0 0 0 0 0 0 0 0 0 0 0 0 0 0 2 2 4 4 4 0 0 0 0 0 0 2 2 2 19 19 19 72 72 72 74 74
4 4 7 7 7 1 1 1 0 0 0 1 1 1 15 15 15 3 3 0 0 0 0 0 0 0 0 0 0 0 0 2 2 2 5 5 4 4 4 0 0 0 0 0 0 1 1 1 0 0 0 0 0 0 0 0 0 0 0 0 0 0 0 0 0 0 0 0 0 0 0 0 0 0 1 1 10 10 10 0 0 0 4 4 4 4 4 4 62 62 62 68 68 68 74 74
4 4 7 7 7 1 1 1 0 0 0 1 1 1 15 15 15 3 3 0 0 0 0 0 0 0 0 0 0 0 0 2 2 2 5 5 4 4 4 0 0 0 0 0 0 1 1 1 0 0 0 0 0 0 0 0 0 0 0 0 0 0 0 0 0 0 0 0 0 0 0 0 0 0 1 1 10 10 10 0 0 0 4 4 4 4 4 4 62 62 62 68 68 68 74 74
14 14 7 7 7 1 1 1 5 5 5 9 9 9 4 4 4 0 0 0 0 0 0 0 0 0 0 0 0 0 0 0 0 0 4 4 3 3 3 0 0 0 1 1 1 2 2 2 2 2 2 0 0 0 0 0 0 0 0 0 0 0 0 0 0 3 3 3 4 4 4 0 0 0 2 2 15 15 15 2 2 2 0 0 0 6 6 6 50 50 50 55 55 55 64 64
14 14 7 7 7 1 1 1 5 5 5 9 9 9 4 4 4 0 0 0 0 0 0 0 0 0 0 0 0 0 0 0 0 0 4 4 3 3 3 0 0 0 1 1 1 2 2 2 2 2 2 0 0 0 0 0 0 0 0 0 0 0 0 0 0 3 3 3 4 4 4 0 0 0 2 2 15 15 15 2 2 2 0 0 0 6 6 6 50 50 50 55 55 55 64 64
14 14 7 7 7 1 1 1 5 5 5 9 9 9 4 4 4 0 0 0 0 0 0 0 0 0 0 0 0 0 0 0 0 0 4 4 3 3 3 0 0 0 1 1 1 2 2 2 2 2 2 0 0 0 0 0 0 0 0 0 0 0 0 0 0 3 3 3 4 4 4 0 0 0 2 2 15 15 15 2 2 2 0 0 0 6 6 6 50 50 50 55 55 55 64 64
1 1 3 3 3 5 5 5 7 7 7 1 1 1 0 0 0 0 0 0 0 0 0 0 0 0 0 0 0 0 0 0 0 0 2 2 4 4 4 0 0 0 0 0 0 1 1 1 0 0 0 2 2 2 0 0 0 0 0 0 0 0 0 0 0 19 19 19 10 10 10 3 3 3 2 2 0 0 0 0 0 0 12 12 12 -997 -997 -997 14 14 14 36 36 36 43 43
1 1 3 3 3 5 5 5 7 7 7 1 1 1 0 0 0 0 0 0 0 0 0 0 0 0 0 0 0 0 0 0 0 0 2 2 4 4 4 0 0 0 0 0 0 1 1 1 0 0 0 2 2 2 0 0 0 0 0 0 0 0 0 0 0 19 19 19 10 10 10 3 3 3 2 2 0 0 0 0 0 0 12 12 12 -997 -997 -997 14 14 14 36 36 36 43 43
1 1 3 3 3 5 5 5 7 7 7 1 1 1 0 0 0 0 0 0 0 0 0 0 0 0 0 0 0 0 0 0 0 0 2 2 4 4 4 0 0 0 0 0 0 1 1 1 0 0 0 2 2 2 0 0 0 0 0 0 0 0 0 0 0 19 19 19 10 10 10 3 3 3 2 2 0 0 0 0 0 0 12 12 12 -997 -997 -997 14 14 14 36 36 36 43 43
4 4 0 0 0 1 1 1 2 2 2 0 0 0 0 0 0 0 0 0 0 0 0 0 0 0 0 0 0 0 0 0 0 0 1 1 0 0 0 1 1 1 0 0 0 0 0 0 0 0 0 0 0 0 0 0 0 0 0 0 0 0 3 3 3 1 1 1 1 1 1 3 3 3 0 0 0 0 0 11 11 11 1 1 1 -997 -997 -997 1 1 1 31 31 31 51 51
4 4 0 0 0 1 1 1 2 2 2 0 0 0 0 0 0 0 0 0 0 0 0 0 0 0 0 0 0 0 0 0 0 0 1 1 0 0 0 1 1 1 0 0 0 0 0 0 0 0 0 0 0 0 0 0 0 0 0 0 0 0 3 3 3 1 1 1 1 1 1 3 3 3 0 0 0 0 0 11 11 11 1 1 1 -997 -997 -997 1 1 1 31 31 31 51 51
4 4 0 0 0 1 1 1 2 2 2 0 0 0 0 0 0 0 0 0 0 0 0 0 0 0 0 0 0 0 0 0 0 0 1 1 0 0 0 1 1 1 0 0 0 0 0 0 0 0 0 0 0 0 0 0 0 0 0 0 0 0 3 3 3 1 1 1 1 1 1 3 3 3 0 0 0 0 0 11 11 11 1 1 1 -997 -997 -997 1 1 1 31 31 31 51 51
0 0 1 1 1 0 0 0 0 0 0 0 0 0 0 0 0 0 0 0 0 0 0 0 0 0 0 0 0 0 0 2 2 2 2 2 2 2 2 1 1 1 0 0 0 0 0 0 0 0 0 0 0 0 0 0 0 0 0 0 0 0 0 0 0 1 1 1 19 19 19 3 3 3 0 0 11 11 11 35 35 35 14 14 14 6 6 6 0 0 0 52 52 52 76 76
0 0 1 1 1 0 0 0 0 0 0 0 0 0 0 0 0 0 0 0 0 0 0 0 0 0 0 0 0 0 0 2 2 2 2 2 2 2 2 1 1 1 0 0 0 0 0 0 0 0 0 0 0 0 0 0 0 0 0 0 0 0 0 0 0 1 1 1 19 19 19 3 3 3 0 0 11 11 11 35 35 35 14 14 14 6 6 6 0 0 0 52 52 52 76 76
0 0 1 1 1 0 0 0 0 0 0 0 0 0 0 0 0 0 0 0 0 0 0 0 0 0 0 0 0 0 0 2 2 2 2 2 2 2 2 1 1 1 0 0 0 0 0 0 0 0 0 0 0 0 0 0 0 0 0 0 0 0 0 0 0 1 1 1 19 19 19 3 3 3 0 0 11 11 11 35 35 35 14 14 14 6 6 6 0 0 0 52 52 52 76 76
0 0 0 0 0 0 0 0 0 0 0 0 0 0 0 0 0 0 0 1 1 1 1 1 1 0 0 0 2 2 2 1 1 1 4 4 1 1 1 2 2 2 3 3 3 0 0 0 0 0 0 0 0 0 0 0 0 0 0 0 0 0 3 3 3 12 12 12 31 31 31 1 1 1 2 2 22 22 22 46 46 46 5 5 5 9 9 9 29 29 29 74 74 74 78 78
0 0 0 0 0 0 0 0 0 0 0 0 0 0 0 0 0 0 0 1 1 1 1 1 1 0 0 0 2 2 2 1 1 1 4 4 1 1 1 2 2 2 3 3 3 0 0 0 0 0 0 0 0 0 0 0 0 0 0 0 0 0 3 3 3 12 12 12 31 31 31 1 1 1 2 2 22 22 22 46 46 46 5 5 5 9 9 9 29 29 29 74 74 74 78 78
0 0 0 0 0 0 0 0 0 0 0 0 0 0 0 0 0 0 0 1 1 1 1 1 1 0 0 0 2 2 2 1 1 1 4 4 1 1 1 2 2 2 3 3 3 0 0 0 0 0 0 0 0 0 0 0 0 0 0 0 0 0 3 3 3 12 12 12 31 31 31 1 1 1 2 2 22 22 22 46 46 46 5 5 5 9 9 9 29 29 29 74 74 74 78 78
0 0 1 1 1 0 0 0 0 0 0 0 0 0 0 0 0 0 0 0 0 0 1 1 1 1 1 1 1 1 1 1 1 1 1 1 2 2 2 9 9 9 3 3 3 0 0 0 0 0 0 0 0 0 0 0 0 0 0 0 0 0 11 11 11 45 45 45 57 57 57 0 0 0 6 6 15 15 15 43 43 43 16 16 16 6 6 6 32 32 32 76 76 76 77 77
0 0 1 1 1 0 0 0 0 0 0 0 0 0 0 0 0 0 0 0 0 0 1 1 1 1 1 1 1 1 1 1 1 1 1 1 2 2 2 9 9 9 3 3 3 0 0 0 0 0 0 0 0 0 0 0 0 0 0 0 0 0 11 11 11 45 45 45 57 57 57 0 0 0 6 6 15 15 15 43 43 43 16 16 16 6 6 6 32 32 32 76 76 76 77 77
0 0 1 1 1 0 0 0 0 0 0 0 0 0 0 0 0 0 0 0 0 0 1 1 1 1 1 1 1 1 1 1 1 1 1 1 2 2 2 9 9 9 3 3 3 0 0 0 0 0 0 0 0 0 0 0 0 0 0 0 0 0 11 11 11 45 45 45 57 57 57 0 0 0 6 6 15 15 15 43 43 43 16 16 16 6 6 6 32 32 32 76 76 76 77 77
0 0 0 0 0 1 1 1 0 0 0 0 0 0 0 0 0 0 0 0 0 0 0 0 0 1 1 1 0 0 0 1 1 1 1 1 0 0 0 1 1 1 2 2 2 0 0 0 0 0 0 0 0 0 0 0 0 0 0 4 4 4 20 20 20 62 62 62 19 19 19 6 6 6 17 17 16 16 16 5 5 5 0 0 0 2 2 2 17 17 17 68 68 68 68 68
0 0 0 0 0 1 1 1 0 0 0 0 0 0 0 0 0 0 0 0 0 0 0 0 0 1 1 1 0 0 0 1 1 1 1 1 0 0 0 1 1 1 2 2 2 0 0 0 0 0 0 0 0 0 0 0 0 0 0 4 4 4 20 20 20 62 62 62 19 19 19 6 6 6 17 17 16 16 16 5 5 5 0 0 0 2 2 2 17 17 17 68 68 68 68 68
0 0 0 0 0 0 0 0 0 0 0 0 0 0 0 0 0 0 0 0 0 0 0 0 0 0 0 0 1 1 1 1 1 1 2 2 0 0 0 1 1 1 1 1 1 1 1 1 0 0 0 1 1 1 0 0 0 0 0 21 21 21 18 18 18 59 59 59 14 14 14 13 13 13 1 1 0 0 0 0 0 0 1 1 1 32 32 32 64 64 64 78 78 78 79 79
0 0 0 0 0 0 0 0 0 0 0 0 0 0 0 0 0 0 0 0 0 0 0 0 0 0 0 0 1 1 1 1 1 1 2 2 0 0 0 1 1 1 1 1 1 1 1 1 0 0 0 1 1 1 0 0 0 0 0 21 21 21 18 18 18 59 59 59 14 14 14 13 13 13 1 1 0 0 0 0 0 0 1 1 1 32 32 32 64 64 64 78 78 78 79 79
0 0 0 0 0 0 0 0 0 0 0 0 0 0 0 0 0 0 0 0 0 0 0 0 0 0 0 0 1 1 1 1 1 1 2 2 0 0 0 1 1 1 1 1 1 1 1 1 0 0 0 1 1 1 0 0 0 0 0 21 21 21 18 18 18 59 59 59 14 14 14 13 13 13 1 1 0 0 0 0 0 0 1 1 1 32 32 32 64 64 64 78 78 78 79 79
0 0 0 0 0 0 0 0 1 1 1 0 0 0 0 0 0 0 0 0 0 0 2 2 2 3 3 3 0 0 0 0 0 0 0 0 2 2 2 1 1 1 2 2 2 1 1 1 0 0 0 0 0 0 0 0 1 1 1 1 1 1 15 15 15 74 74 74 19 19 19 15 15 15 0 0 0 0 0 0 0 0 3 3 3 53 53 53 74 74 74 78 78 78 80 80
0 0 0 0 0 0 0 0 1 1 1 0 0 0 0 0 0 0 0 0 0 0 2 2 2 3 3 3 0 0 0 0 0 0 0 0 2 2 2 1 1 1 2 2 2 1 1 1 0 0 0 0 0 0 0 0 1 1 1 1 1 1 15 15 15 74 74 74 19 19 19 15 15 15 0 0 0 0 0 0 0 0 3 3 3 53 53 53 74 74 74 78 78 78 80 80
0 0 0 0 0 0 0 0 1 1 1 0 0 0 0 0 0 0 0 0 0 0 2 2 2 3 3 3 0 0 0 0 0 0 0 0 2 2 2 1 1 1 2 2 2 1 1 1 0 0 0 0 0 0 0 0 1 1 1 1 1 1 15 15 15 74 74 74 19 19 19 15 15 15 0 0 0 0 0 0 0 0 3 3 3 53 53 53 74 74 74 78 78 78 80 80
0 0 0 0 0 2 2 2 1 1 1 0 0 0 0 0 0 0 0 0 0 0 0 0 0 0 0 0 1 1 1 1 1 1 1 1 0 0 0 0 0 0 0 0 0 0 0 0 1 1 1 0 0 0 1 1 1 1 1 0 0 0 2 2 2 53 53 53 53 53 53 26 26 26 2 2 2 2 2 6 6 6 32 32 32 72 72 72 74 74 74 78 78 78 79 79
0 0 0 0 0 2 2 2 1 1 1 0 0 0 0 0 0 0 0 0 0 0 0 0 0 0 0 0 1 1 1 1 1 1 1 1 0 0 0 0 0 0 0 0 0 0 0 0 1 1 1 0 0 0 1 1 1 1 1 0 0 0 2 2 2 53 53 53 53 53 53 26 26 26 2 2 2 2 2 6 6 6 32 32 32 72 72 72 74 74 74 78 78 78 79 79
0 0 0 0 0 2 2 2 1 1 1 0 0 0 0 0 0 0 0 0 0 0 0 0 0 0 0 0 1 1 1 1 1 1 1 1 0 0 0 0 0 0 0 0 0 0 0 0 1 1 1 0 0 0 1 1 1 1 1 0 0 0 2 2 2 53 53 53 53 53 53 26 26 26 2 2 2 2 2 6 6 6 32 32 32 72 72 72 74 74 74 78 78 78 79 79
0 0 0 0 0 0 0 0 2 2 2 0 0 0 0 0 0 1 1 0 0 0 0 0 0 0 0 0 0 0 0 0 0 0 0 0 0 0 0 5 5 5 7 7 7 0 0 0 0 0 0 0 0 0 1 1 0 0 0 0 0 0 0 0 0 37 37 37 56 56 56 61 61 61 20 20 10 10 10 16 16 16 48 48 48 66 66 66 74 74 74 78 78 78 80 80
0 0 0 0 0 0 0 0 2 2 2 0 0 0 0 0 0 1 1 0 0 0 0 0 0 0 0 0 0 0 0 0 0 0 0 0 0 0 0 5 5 5 7 7 7 0 0 0 0 0 0 0 0 0 1 1 0 0 0 0 0 0 0 0 0 37 37 37 56 56 56 61 61 61 20 20 10 10 10 16 16 16 48 48 48 66 66 66 74 74 74 78 78 78 80 80
0 0 0 0 0 0 0 0 2 2 2 0 0 0 0 0 0 1 1 0 0 0 0 0 0 0 0 0 0 0 0 0 0 0 0 0 0 0 0 5 5 5 7 7 7 0 0 0 0 0 0 0 0 0 1 1 0 0 0 0 0 0 0 0 0 37 37 37 56 56 56 61 61 61 20 20 10 10 10 16 16 16 48 48 48 66 66 66 74 74 74 78 78 78 80 80
0 0 0 0 0 0 0 0 0 0 0 0 0 0 1 1 1 1 1 1 1 1 0 0 0 0 0 0 0 0 0 1 1 1 0 0 0 0 0 0 0 0 16 16 16 2 2 2 1 1 1 0 0 0 1 1 0 0 0 0 0 0 5 5 5 48 48 48 62 62 62 62 62 62 25 25 12 12 12 15 15 15 57 57 57 74 74 74 75 75 75 79 79 79 79 79
0 0 0 0 0 0 0 0 0 0 0 0 0 0 1 1 1 1 1 1 1 1 0 0 0 0 0 0 0 0 0 1 1 1 0 0 0 0 0 0 0 0 16 16 16 2 2 2 1 1 1 0 0 0 1 1 0 0 0 0 0 0 5 5 5 48 48 48 62 62 62 62 62 62 25 25 12 12 12 15 15 15 57 57 57 74 74 74 75 75 75 79 79 79 79 79
0 0 0 0 0 0 0 0 0 0 0 0 0 0 1 1 1 1 1 1 1 1 0 0 0 0 0 0 0 0 0 1 1 1 0 0 0 0 0 0 0 0 16 16 16 2 2 2 1 1 1 0 0 0 1 1 0 0 0 0 0 0 5 5 5 48 48 48 62 62 62 62 62 62 25 25 12 12 12 15 15 15 57 57 57 74 74 74 75 75 75 79 79 79 79 79
0 0 0 0 0 0 0 0 0 0 0 2 2 2 0 0 0 2 2 1 1 1 0 0 0 0 0 0 0 0 0 0 0 0 0 0 0 0 0 0 0 0 1 1 1 1 1 1 2 2 2 1 1 1 0 0 0 0 0 0 0 0 9 9 9 62 62 62 47 47 47 37 37 37 59 59 13 13 13 10 10 10 74 74 74 74 74 74 78 78 78 79 79 79 79 79
0 0 0 0 0 0 0 0 0 0 0 2 2 2 0 0 0 2 2 1 1 1 0 0 0 0 0 0 0 0 0 0 0 0 0 0 0 0 0 0 0 0 1 1 1 1 1 1 2 2 2 1 1 1 0 0 0 0 0 0 0 0 9 9 9 62 62 62 47 47 47 37 37 37 59 59 13 13 13 10 10 10 74 74 74 74 74 74 78 78 78 79 79 79 79 79
0 0 0 0 0 0 0 0 0 0 0 0 0 0 0 0 0 1 1 0 0 0 0 0 0 3 3 3 0 0 0 0 0 0 0 0 0 0 0 0 0 0 0 0 0 1 1 1 1 1 1 0 0 0 0 0 0 0 0 0 0 0 9 9 9 40 40 40 64 64 64 24 24 24 54 54 14 14 14 26 26 26 69 69 69 75 75 75 79 79 79 76 76 76 68 68
