Madagascar1218CLEAN/DATA/forest.txt
ncols         251
nrows         471
xllcorner     43.217484268189
yllcorner     -25.606154098314
cellsize      0.029
NODATA_value  -9999
[rows 220 to 263 of 471, columns 96 to 191 of 251]
0 0 0 0 0 0 0 0 0 0 0 0 0 0 0 0 0 1 1 0 0 0 0 0 0 3 3 3 0 0 0 0 0 0 0 0 0 0 0 0 0 0 0 0 0 1 1 1 1 1 1 0 0 0 0 0 0 0 0 0 0 0 9 9 9 40 40 40 64 64 64 24 24 24 54 54 14 14 14 26 26 26 69 69 69 75 75 75 79 79 79 76 76 76 68 68
0 0 0 0 0 0 0 0 0 0 0 0 0 0 0 0 0 1 1 0 0 0 0 0 0 3 3 3 0 0 0 0 0 0 0 0 0 0 0 0 0 0 0 0 0 1 1 1 1 1 1 0 0 0 0 0 0 0 0 0 0 0 9 9 9 40 40 40 64 64 64 24 24 24 54 54 14 14 14 26 26 26 69 69 69 75 75 75 79 79 79 76 76 76 68 68
0 0 0 0 0 0 0 0 0 0 0 0 0 0 0 0 0 0 0 0 0 0 0 0 0 3 3 3 0 0 0 0 0 0 1 1 0 0 0 0 0 0 0 0 0 0 0 0 0 0 0 0 0 0 0 0 0 0 0 9 9 9 32 32 32 67 67 67 80 80 80 67 67 67 77 77 50 50 50 43 43 43 76 76 76 78 78 78 79 79 79 62 62 62 67 67
0 0 0 0 0 0 0 0 0 0 0 0 0 0 0 0 0 0 0 0 0 0 0 0 0 3 3 3 0 0 0 0 0 0 1 1 0 0 0 0 0 0 0 0 0 0 0 0 0 0 0 0 0 0 0 0 0 0 0 9 9 9 32 32 32 67 67 67 80 80 80 67 67 67 77 77 50 50 50 43 43 43 76 76 76 78 78 78 79 79 79 62 62 62 67 67
0 0 0 0 0 0 0 0 0 0 0 0 0 0 0 0 0 0 0 0 0 0 0 0 0 3 3 3 0 0 0 0 0 0 1 1 0 0 0 0 0 0 0 0 0 0 0 0 0 0 0 0 0 0 0 0 0 0 0 9 9 9 32 32 32 67 67 67 80 80 80 67 67 67 77 77 50 50 50 43 43 43 76 76 76 78 78 78 79 79 79 62 62 62 67 67
0 0 0 0 0 0 0 0 0 0 0 0 0 0 0 0 0 0 0 0 0 0 0 0 0 0 0 0 0 0 0 0 0 0 0 0 0 0 0 0 0 0 0 0 0 0 0 0 0 0 0 0 0 0 0 0 3 3 3 27 27 27 43 43 43 73 73 73 67 67 67 64 64 64 70 70 62 62 62 64 64 64 79 79 79 79 79 79 79 79 79 55 55 55 39 39
0 0 0 0 0 0 0 0 0 0 0 0 0 0 0 0 0 0 0 0 0 0 0 0 0 0 0 0 0 0 0 0 0 0 0 0 0 0 0 0 0 0 0 0 0 0 0 0 0 0 0 0 0 0 0 0 3 3 3 27 27 27 43 43 43 73 73 73 67 67 67 64 64 64 70 70 62 62 62 64 64 64 79 79 79 79 79 79 79 79 79 55 55 55 39 39
0 0 0 0 0 0 0 0 0 0 0 0 0 0 0 0 0 0 0 0 0 0 0 0 0 0 0 0 0 0 0 0 0 0 0 0 0 0 0 0 0 0 0 0 0 0 0 0 0 0 0 0 0 0 0 0 3 3 3 27 27 27 43 43 43 73 73 73 67 67 67 64 64 64 70 70 62 62 62 64 64 64 79 79 79 79 79 79 79 79 79 55 55 55 39 39
0 0 0 0 0 0 0 0 0 0 0 0 0 0 0 0 0 0 0 0 0 0 0 0 0 0 0 0 0 0 0 1 1 1 1 1 1 1 1 0 0 0 0 0 0 0 0 0 0 0 0 0 0 0 2 2 28 28 28 46 46 46 62 62 62 74 74 74 57 57 57 42 42 42 63 63 67 67 67 79 79 79 79 79 79 79 79 79 79 79 79 59 59 59 55 55
0 0 0 0 0 0 0 0 0 0 0 0 0 0 0 0 0 0 0 0 0 0 0 0 0 0 0 0 0 0 0 1 1 1 1 1 1 1 1 0 0 0 0 0 0 0 0 0 0 0 0 0 0 0 2 2 28 28 28 46 46 46 62 62 62 74 74 74 57 57 57 42 42 42 63 63 67 67 67 79 79 79 79 79 79 79 79 79 79 79 79 59 59 59 55 55
0 0 0 0 0 0 0 0 0 0 0 0 0 0 0 0 0 0 0 0 0 0 0 0 0 0 0 0 0 0 0 1 1 1 1 1 1 1 1 0 0 0 0 0 0 0 0 0 0 0 0 0 0 0 2 2 28 28 28 46 46 46 62 62 62 74 74 74 57 57 57 42 42 42 63 63 67 67 67 79 79 79 79 79 79 79 79 79 79 79 79 59 59 59 55 55
1 1 0 0 0 0 0 0 0 0 0 0 0 0 0 0 0 0 0 0 0 0 0 0 0 0 0 0 0 0 0 0 0 0 0 0 0 0 0 0 0 0 0 0 0 0 0 0 0 0 0 0 0 0 5 5 12 12 12 68 68 68 77 77 77 71 71 71 61 61 61 45 45 45 23 23 64 64 64 79 79 79 79 79 79 79 79 79 74 74 74 57 57 57 56 56
1 1 0 0 0 0 0 0 0 0 0 0 0 0 0 0 0 0 0 0 0 0 0 0 0 0 0 0 0 0 0 0 0 0 0 0 0 0 0 0 0 0 0 0 0 0 0 0 0 0 0 0 0 0 5 5 12 12 12 68 68 68 77 77 77 71 71 71 61 61 61 45 45 45 23 23 64 64 64 79 79 79 79 79 79 79 79 79 74 74 74 57 57 57 56 56
1 1 0 0 0 0 0 0 0 0 0 0 0 0 0 0 0 0 0 0 0 0 0 0 0 0 0 0 0 0 0 0 0 0 0 0 0 0 0 0 0 0 0 0 0 0 0 0 0 0 0 0 0 0 5 5 12 12 12 68 68 68 77 77 77 71 71 71 61 61 61 45 45 45 23 23 64 64 64 79 79 79 79 79 79 79 79 79 74 74 74 57 57 57 56 56
1 1 1 1 1 0 0 0 0 0 0 0 0 0 0 0 0 0 0 0 0 0 0 0 0 0 0 0 0 0 0 0 0 0 0 0 0 0 0 1 1 1 1 1 1 0 0 0 0 0 0 0 0 0 7 7 58 58 58 66 66 66 76 76 76 67 67 67 64 64 64 63 63 63 61 61 73 73 73 80 80 80 79 79 79 61 61 61 41 41 41 38 38 38 41 41
1 1 1 1 1 0 0 0 0 0 0 0 0 0 0 0 0 0 0 0 0 0 0 0 0 0 0 0 0 0 0 0 0 0 0 0 0 0 0 1 1 1 1 1 1 0 0 0 0 0 0 0 0 0 7 7 58 58 58 66 66 66 76 76 76 67 67 67 64 64 64 63 63 63 61 61 73 73 73 80 80 80 79 79 79 61 61 61 41 41 41 38 38 38 41 41
1 1 1 1 1 0 0 0 0 0 0 0 0 0 0 0 0 0 0 0 0 0 0 0 0 0 0 0 0 0 0 0 0 0 0 0 0 0 0 1 1 1 1 1 1 0 0 0 0 0 0 0 0 0 7 7 58 58 58 66 66 66 76 76 76 67 67 67 64 64 64 63 63 63 61 61 73 73 73 80 80 80 79 79 79 61 61 61 41 41 41 38 38 38 41 41
0 0 0 0 0 0 0 0 0 0 0 1 1 1 0 0 0 0 0 0 0 0 1 1 1 0 0 0 0 0 0 0 0 0 2 2 2 2 2 1 1 1 1 1 1 1 1 1 2 2 2 0 0 0 6 6 49 49 49 51 51 51 74 74 74 64 64 64 55 55 55 61 61 61 53 53 79 79 79 78 78 78 78 78 78 45 45 45 38 38 38 33 33 33 42 42
0 0 0 0 0 0 0 0 0 0 0 1 1 1 0 0 0 0 0 0 0 0 1 1 1 0 0 0 0 0 0 0 0 0 2 2 2 2 2 1 1 1 1 1 1 1 1 1 2 2 2 0 0 0 6 6 49 49 49 51 51 51 74 74 74 64 64 64 55 55 55 61 61 61 53 53 79 79 79 78 78 78 78 78 78 45 45 45 38 38 38 33 33 33 42 42
0 0 0 0 0 0 0 0 1 1 1 1 1 1 0 0 0 0 0 0 0 0 2 2 2 0 0 0 0 0 0 0 0 0 1 1 1 1 1 1 1 1 1 1 1 1 1 1 1 1 1 1 1 1 9 9 54 54 54 51 51 51 69 69 69 58 58 58 63 63 63 71 71 71 72 72 76 76 76 67 67 67 67 67 67 46 46 46 40 40 40 37 37 37 39 39
0 0 0 0 0 0 0 0 1 1 1 1 1 1 0 0 0 0 0 0 0 0 2 2 2 0 0 0 0 0 0 0 0 0 1 1 1 1 1 1 1 1 1 1 1 1 1 1 1 1 1 1 1 1 9 9 54 54 54 51 51 51 69 69 69 58 58 58 63 63 63 71 71 71 72 72 76 76 76 67 67 67 67 67 67 46 46 46 40 40 40 37 37 37 39 39
0 0 0 0 0 0 0 0 1 1 1 1 1 1 0 0 0 0 0 0 0 0 2 2 2 0 0 0 0 0 0 0 0 0 1 1 1 1 1 1 1 1 1 1 1 1 1 1 1 1 1 1 1 1 9 9 54 54 54 51 51 51 69 69 69 58 58 58 63 63 63 71 71 71 72 72 76 76 76 67 67 67 67 67 67 46 46 46 40 40 40 37 37 37 39 39
0 0 0 0 0 0 0 0 1 1 1 0 0 0 0 0 0 0 0 3 3 3 2 2 2 -997 -997 -997 1 1 1 0 0 0 0 0 0 0 0 1 1 1 0 0 0 0 0 0 0 0 0 2 2 2 3 3 25 25 25 68 68 68 67 67 67 68 68 68 62 62 62 74 74 74 69 69 69 69 69 72 72 72 79 79 79 55 55 55 31 31 31 37 37 37 41 41
-9999 -9999 -9999 -9999 -9999 -9999 -9999 -9999 -9999 -9999 -9999 -9999 -9999 -9999 -9999 -9999 -9999 -9999 -9999 -9999 -9999 -9999 -9999 -9999 -9999 -9999 -9999 -9999 -9999 -9999 -9999 -9999 -9999 -9999 -9999 -9999 -9999 -9999 -9999 -9999 -9999 -9999 -9999 -9999 -9999 -9999 -9999 -9999 -9999 -9999 -9999 -9999 -9999 -9999 -9999 -9999 -9999 -9999 -9999 -9999 -9999 -9999 -9999 -9999 -9999 -9999 -9999 -9999 -9999 -9999 -9999 -9999 -9999 -9999 -9999 -9999 -9999 -9999 -9999 -9999 -9999 -9999 -9999 -9999 -9999 -9999 -9999 -9999 -9999 -9999 -9999 -9999 -9999 -9999 -9999 -9999
0 0 0 0 0 0 0 0 1 1 1 0 0 0 0 0 0 0 0 3 3 3 2 2 2 -997 -997 -997 1 1 1 0 0 0 0 0 0 0 0 1 1 1 0 0 0 0 0 0 0 0 0 2 2 2 3 3 25 25 25 68 68 68 67 67 67 68 68 68 62 62 62 74 74 74 69 69 69 69 69 72 72 72 79 79 79 55 55 55 31 31 31 37 37 37 41 41
0 0 0 0 0 0 0 0 1 1 1 0 0 0 0 0 0 0 0 3 3 3 2 2 2 -997 -997 -997 1 1 1 0 0 0 0 0 0 0 0 1 1 1 0 0 0 0 0 0 0 0 0 2 2 2 3 3 25 25 25 68 68 68 67 67 67 68 68 68 62 62 62 74 74 74 69 69 69 69 69 72 72 72 79 79 79 55 55 55 31 31 31 37 37 37 41 41
0 0 0 0 0 1 1 1 1 1 1 1 1 1 1 1 1 0 0 0 0 0 0 0 0 3 3 3 0 0 0 0 0 0 0 0 0 0 0 0 0 0 0 0 0 0 0 0 0 0 0 1 1 1 2 2 19 19 19 64 64 64 67 67 67 60 60 60 61 61 61 74 74 74 78 78 80 80 80 72 72 72 66 66 66 75 75 75 36 36 36 38 38 38 56 56
0 0 0 0 0 1 1 1 1 1 1 1 1 1 1 1 1 0 0 0 0 0 0 0 0 3 3 3 0 0 0 0 0 0 0 0 0 0 0 0 0 0 0 0 0 0 0 0 0 0 0 1 1 1 2 2 19 19 19 64 64 64 67 67 67 60 60 60 61 61 61 74 74 74 78 78 80 80 80 72 72 72 66 66 66 75 75 75 36 36 36 38 38 38 56 56
0 0 0 0 0 1 1 1 1 1 1 1 1 1 1 1 1 0 0 0 0 0 0 0 0 3 3 3 0 0 0 0 0 0 0 0 0 0 0 0 0 0 0 0 0 0 0 0 0 0 0 1 1 1 2 2 19 19 19 64 64 64 67 67 67 60 60 60 61 61 61 74 74 74 78 78 80 80 80 72 72 72 66 66 66 75 75 75 36 36 36 38 38 38 56 56
0 0 0 0 0 0 0 0 0 0 0 1 1 1 0 0 0 0 0 0 0 0 1 1 1 1 1 1 0 0 0 0 0 0 0 0 0 0 0 0 0 0 0 0 0 0 0 0 1 1 1 1 1 1 0 0 16 16 16 54 54 54 30 30 30 71 71 71 53 53 53 74 74 74 78 78 79 79 79 51 51 51 45 45 45 66 66 66 41 41 41 40 40 40 38 38
0 0 0 0 0 0 0 0 0 0 0 1 1 1 0 0 0 0 0 0 0 0 1 1 1 1 1 1 0 0 0 0 0 0 0 0 0 0 0 0 0 0 0 0 0 0 0 0 1 1 1 1 1 1 0 0 16 16 16 54 54 54 30 30 30 71 71 71 53 53 53 74 74 74 78 78 79 79 79 51 51 51 45 45 45 66 66 66 41 41 41 40 40 40 38 38
0 0 0 0 0 0 0 0 0 0 0 1 1 1 0 0 0 0 0 0 0 0 1 1 1 1 1 1 0 0 0 0 0 0 0 0 0 0 0 0 0 0 0 0 0 0 0 0 1 1 1 1 1 1 0 0 16 16 16 54 54 54 30 30 30 71 71 71 53 53 53 74 74 74 78 78 79 79 79 51 51 51 45 45 45 66 66 66 41 41 41 40 40 40 38 38
0 0 0 0 0 0 0 0 2 2 2 0 0 0 0 0 0 1 1 0 0 0 0 0 0 0 0 0 0 0 0 0 0 0 0 0 0 0 0 0 0 0 11 11 11 4 4 4 3 3 3 4 4 4 2 2 31 31 31 42 42 42 52 52 52 70 70 70 67 67 67 74 74 74 72 72 61 61 61 47 47 47 44 44 44 42 42 42 39 39 39 39 39 39 37 37
0 0 0 0 0 0 0 0 2 2 2 0 0 0 0 0 0 1 1 0 0 0 0 0 0 0 0 0 0 0 0 0 0 0 0 0 0 0 0 0 0 0 11 11 11 4 4 4 3 3 3 4 4 4 2 2 31 31 31 42 42 42 52 52 52 70 70 70 67 67 67 74 74 74 72 72 61 61 61 47 47 47 44 44 44 42 42 42 39 39 39 39 39 39 37 37
0 0 0 0 0 0 0 0 2 2 2 0 0 0 0 0 0 1 1 0 0 0 0 0 0 0 0 0 0 0 0 0 0 0 0 0 0 0 0 0 0 0 11 11 11 4 4 4 3 3 3 4 4 4 2 2 31 31 31 42 42 42 52 52 52 70 70 70 67 67 67 74 74 74 72 72 61 61 61 47 47 47 44 44 44 42 42 42 39 39 39 39 39 39 37 37
0 0 1 1 1 2 2 2 1 1 1 0 0 0 0 0 0 2 2 0 0 0 0 0 0 0 0 0 0 0 0 0 0 0 0 0 0 0 0 0 0 0 37 37 37 9 9 9 7 7 7 2 2 2 1 1 26 26 26 34 34 34 51 51 51 74 74 74 63 63 63 56 56 56 49 49 44 44 44 52 52 52 49 49 49 56 56 56 39 39 39 36 36 36 38 38
0 0 1 1 1 2 2 2 1 1 1 0 0 0 0 0 0 2 2 0 0 0 0 0 0 0 0 0 0 0 0 0 0 0 0 0 0 0 0 0 0 0 37 37 37 9 9 9 7 7 7 2 2 2 1 1 26 26 26 34 34 34 51 51 51 74 74 74 63 63 63 56 56 56 49 49 44 44 44 52 52 52 49 49 49 56 56 56 39 39 39 36 36 36 38 38
0 0 1 1 1 2 2 2 1 1 1 0 0 0 0 0 0 2 2 0 0 0 0 0 0 0 0 0 0 0 0 0 0 0 0 0 0 0 0 0 0 0 37 37 37 9 9 9 7 7 7 2 2 2 1 1 26 26 26 34 34 34 51 51 51 74 74 74 63 63 63 56 56 56 49 49 44 44 44 52 52 52 49 49 49 56 56 56 39 39 39 36 36 36 38 38
1 1 2 2 2 2 2 2 1 1 1 0 0 0 0 0 0 0 0 0 0 0 0 0 0 0 0 0 0 0 0 0 0 0 1 1 1 1 1 0 0 0 15 15 15 5 5 5 11 11 11 1 1 1 14 14 30 30 30 24 24 24 74 74 74 69 69 69 57 57 57 45 45 45 37 37 50 50 50 46 46 46 46 46 46 53 53 53 48 48 48 37 37 37 41 41
1 1 2 2 2 2 2 2 1 1 1 0 0 0 0 0 0 0 0 0 0 0 0 0 0 0 0 0 0 0 0 0 0 0 1 1 1 1 1 0 0 0 15 15 15 5 5 5 11 11 11 1 1 1 14 14 30 30 30 24 24 24 74 74 74 69 69 69 57 57 57 45 45 45 37 37 50 50 50 46 46 46 46 46 46 53 53 53 48 48 48 37 37 37 41 41
0 0 2 2 2 2 2 2 2 2 2 2 2 2 0 0 0 0 0 0 0 0 0 0 0 0 0 0 2 2 2 6 6 6 16 16 1 1 1 14 14 14 19 19 19 9 9 9 1 1 1 7 7 7 26 26 36 36 36 27 27 27 76 76 76 67 67 67 43 43 43 52 52 52 41 41 53 53 53 54 54 54 51 51 51 48 48 48 40 40 40 40 40 40 48 48
0 0 2 2 2 2 2 2 2 2 2 2 2 2 0 0 0 0 0 0 0 0 0 0 0 0 0 0 2 2 2 6 6 6 16 16 1 1 1 14 14 14 19 19 19 9 9 9 1 1 1 7 7 7 26 26 36 36 36 27 27 27 76 76 76 67 67 67 43 43 43 52 52 52 41 41 53 53 53 54 54 54 51 51 51 48 48 48 40 40 40 40 40 40 48 48
0 0 2 2 2 2 2 2 2 2 2 2 2 2 0 0 0 0 0 0 0 0 0 0 0 0 0 0 2 2 2 6 6 6 16 16 1 1 1 14 14 14 19 19 19 9 9 9 1 1 1 7 7 7 26 26 36 36 36 27 27 27 76 76 76 67 67 67 43 43 43 52 52 52 41 41 53 53 53 54 54 54 51 51 51 48 48 48 40 40 40 40 40 40 48 48
0 0 1 1 1 1 1 1 2 2 2 2 2 2 1 1 1 0 0 0 0 0 0 0 0 0 0 0 0 0 0 17 17 17 33 33 4 4 4 22 22 22 32 32 32 14 14 14 10 10 10 14 14 14 29 29 35 35 35 41 41 41 79 79 79 56 56 56 44 44 44 49 49 49 40 40 39 39 39 46 46 46 54 54 54 66 66 66 42 42 42 42 42 42 48 48
