Madagascar1218CLEAN/DATA/forest.txt
ncols         251
nrows         471
xllcorner     43.217484268189
yllcorner     -25.606154098314
cellsize      0.029
NODATA_value  -9999
[rows 352 to 395 of 471, columns 0 to 95 of 251]
-9999 20 -9999 37 37 37 67 67 67 49 49 49 3 3 19 19 19 21 21 21 15 15 15 46 46 46 5 5 5 2 2 2 28 28 13 13 13 2 2 2 5 5 5 3 3 3 1 1 1 0 0 0 0 0 0 0 0 7 7 7 13 13 13 2 2 2 0 0 0 3 3 3 0 0 0 0 -9999 0 0 0 0 1 1 1 1 1 1 0 0 0 0 0 0 0 0 0
20 -9999 -9999 37 37 37 67 67 67 49 49 49 3 3 19 19 19 21 21 21 15 15 15 46 46 46 5 5 5 2 2 2 28 28 13 13 13 2 2 2 5 5 5 3 3 3 1 1 1 0 0 0 0 0 0 0 0 7 7 7 13 13 13 2 2 2 0 0 0 3 3 3 0 0 0 0 -9999 0 0 0 0 1 1 1 1 1 1 0 0 0 0 0 0 0 0 0
-9999 20 20 37 37 37 67 67 67 49 49 49 3 3 19 19 19 21 21 21 15 15 15 46 46 46 5 5 5 2 2 2 28 28 13 13 13 2 2 2 5 5 5 3 3 3 1 1 1 0 0 0 0 0 0 0 0 7 7 7 13 13 13 2 2 2 0 0 0 3 3 3 0 0 0 0 -9999 0 0 0 0 1 1 1 1 1 1 0 0 0 0 0 0 0 0 0
18 18 18 52 52 52 62 62 62 30 30 30 2 2 9 9 9 1 1 1 15 15 15 31 31 31 5 5 5 3 3 3 11 11 3 3 3 4 4 4 3 3 3 2 2 2 1 1 1 0 0 0 0 0 0 0 0 1 1 1 0 0 0 0 0 0 0 0 0 1 1 1 0 0 0 0 -9999 0 0 0 0 2 2 2 1 1 1 0 0 0 1 1 1 0 0 1
-9999 18 18 52 52 52 62 62 62 30 30 30 2 2 9 9 9 1 1 1 15 15 15 31 31 31 5 5 5 3 3 3 11 11 3 3 3 4 4 4 3 3 3 2 2 2 1 1 1 0 0 0 0 0 0 0 0 1 1 1 0 0 0 0 0 0 0 0 0 1 1 1 0 0 0 0 -9999 0 0 0 0 2 2 2 1 1 1 0 0 0 1 1 1 0 0 1
18 18 18 45 45 45 43 43 43 25 25 25 1 1 2 2 2 1 1 1 29 29 29 7 7 7 2 2 2 1 1 1 2 2 2 2 2 6 6 6 15 15 15 11 11 11 12 12 12 2 2 2 1 1 4 4 4 3 3 3 0 0 0 0 0 0 1 1 1 3 3 3 0 0 0 0 -9999 0 1 1 1 2 2 2 0 0 0 0 0 0 0 0 0 0 0 0
-9999 18 18 45 45 45 43 43 43 25 25 25 1 1 2 2 2 1 1 1 29 29 29 7 7 7 2 2 2 1 1 1 2 2 2 2 2 6 6 6 15 15 15 11 11 11 12 12 12 2 2 2 1 1 4 4 4 3 3 3 0 0 0 0 0 0 1 1 1 3 3 3 0 0 0 0 -9999 0 1 1 1 2 2 2 0 0 0 0 0 0 0 0 0 0 0 0
-9999 18 18 45 45 45 43 43 43 25 25 25 1 1 2 2 2 1 1 1 29 29 29 7 7 7 2 2 2 1 1 1 2 2 2 2 2 6 6 6 15 15 15 11 11 11 12 12 12 2 2 2 1 1 4 4 4 3 3 3 0 0 0 0 0 0 1 1 1 3 3 3 0 0 0 0 -9999 0 1 1 1 2 2 2 0 0 0 0 0 0 0 0 0 0 0 0
-9999 -9999 0 29 29 29 55 55 55 26 26 26 1 1 3 3 3 3 3 3 10 10 10 1 1 1 2 2 2 2 2 2 17 17 31 31 31 3 3 3 2 2 2 2 2 2 1 1 1 0 0 0 18 18 34 34 34 8 8 8 1 1 1 0 0 0 12 12 12 10 10 10 5 5 0 0 -9999 0 2 2 2 1 1 1 0 0 0 0 0 0 0 0 0 1 1 0
-9999 -9999 0 29 29 29 55 55 55 26 26 26 1 1 3 3 3 3 3 3 10 10 10 1 1 1 2 2 2 2 2 2 17 17 31 31 31 3 3 3 2 2 2 2 2 2 1 1 1 0 0 0 18 18 34 34 34 8 8 8 1 1 1 0 0 0 12 12 12 10 10 10 5 5 0 0 -9999 0 2 2 2 1 1 1 0 0 0 0 0 0 0 0 0 1 1 0
-9999 -9999 0 29 29 29 55 55 55 26 26 26 1 1 3 3 3 3 3 3 10 10 10 1 1 1 2 2 2 2 2 2 17 17 31 31 31 3 3 3 2 2 2 2 2 2 1 1 1 0 0 0 18 18 34 34 34 8 8 8 1 1 1 0 0 0 12 12 12 10 10 10 5 5 0 0 -9999 0 2 2 2 1 1 1 0 0 0 0 0 0 0 0 0 1 1 0
-9999 -9999 0 23 23 23 62 62 62 21 21 21 3 3 4 4 4 1 1 1 2 2 2 4 4 4 2 2 2 4 4 4 12 12 48 48 48 2 2 2 2 2 2 2 2 2 2 2 2 1 1 1 33 33 59 59 59 11 11 11 0 0 0 0 0 0 6 6 6 0 0 0 0 0 0 0 -9999 0 1 1 1 0 0 0 1 1 1 1 1 1 0 0 0 1 1 1
-9999 -9999 0 23 23 23 62 62 62 21 21 21 3 3 4 4 4 1 1 1 2 2 2 4 4 4 2 2 2 4 4 4 12 12 48 48 48 2 2 2 2 2 2 2 2 2 2 2 2 1 1 1 33 33 59 59 59 11 11 11 0 0 0 0 0 0 6 6 6 0 0 0 0 0 0 0 -9999 0 1 1 1 0 0 0 1 1 1 1 1 1 0 0 0 1 1 1
-9999 -9999 0 23 23 23 62 62 62 21 21 21 3 3 4 4 4 1 1 1 2 2 2 4 4 4 2 2 2 4 4 4 12 12 48 48 48 2 2 2 2 2 2 2 2 2 2 2 2 1 1 1 33 33 59 59 59 11 11 11 0 0 0 0 0 0 6 6 6 0 0 0 0 0 0 0 -9999 0 1 1 1 0 0 0 1 1 1 1 1 1 0 0 0 1 1 1
-9999 -9999 -9999 14 14 14 43 43 43 24 24 24 0 0 2 2 2 2 2 2 4 4 4 2 2 2 2 2 2 17 17 17 29 29 1 1 1 4 4 4 4 4 4 1 1 1 1 1 1 5 5 5 27 27 27 27 27 15 15 15 0 0 0 0 0 0 0 0 0 0 0 0 0 0 0 0 -9999 0 2 2 2 2 2 2 1 1 1 0 0 0 0 0 0 0 0 0
-9999 -9999 -9999 14 14 14 43 43 43 24 24 24 0 0 2 2 2 2 2 2 4 4 4 2 2 2 2 2 2 17 17 17 29 29 1 1 1 4 4 4 4 4 4 1 1 1 1 1 1 5 5 5 27 27 27 27 27 15 15 15 0 0 0 0 0 0 0 0 0 0 0 0 0 0 0 0 -9999 0 2 2 2 2 2 2 1 1 1 0 0 0 0 0 0 0 0 0
-9999 -9999 -9999 14 14 14 43 43 43 24 24 24 0 0 2 2 2 2 2 2 4 4 4 2 2 2 2 2 2 17 17 17 29 29 1 1 1 4 4 4 4 4 4 1 1 1 1 1 1 5 5 5 27 27 27 27 27 15 15 15 0 0 0 0 0 0 0 0 0 0 0 0 0 0 0 0 -9999 0 2 2 2 2 2 2 1 1 1 0 0 0 0 0 0 0 0 0
-9999 -9999 -9999 -9999 11 11 50 50 50 34 34 34 12 12 37 37 37 20 20 20 1 1 1 7 7 7 2 2 2 35 35 35 39 39 4 4 4 7 7 7 6 6 6 0 0 0 1 1 1 6 6 6 17 17 0 0 0 0 0 0 0 0 0 0 0 0 0 0 0 0 0 0 0 0 0 0 -9999 0 1 1 1 1 1 1 0 0 0 0 0 0 0 0 0 0 0 0
-9999 -9999 -9999 -9999 11 11 50 50 50 34 34 34 12 12 37 37 37 20 20 20 1 1 1 7 7 7 2 2 2 35 35 35 39 39 4 4 4 7 7 7 6 6 6 0 0 0 1 1 1 6 6 6 17 17 0 0 0 0 0 0 0 0 0 0 0 0 0 0 0 0 0 0 0 0 0 0 -9999 0 1 1 1 1 1 1 0 0 0 0 0 0 0 0 0 0 0 0
-9999 -9999 -9999 -9999 11 11 50 50 50 34 34 34 12 12 37 37 37 20 20 20 1 1 1 7 7 7 2 2 2 35 35 35 39 39 4 4 4 7 7 7 6 6 6 0 0 0 1 1 1 6 6 6 17 17 0 0 0 0 0 0 0 0 0 0 0 0 0 0 0 0 0 0 0 0 0 0 -9999 0 1 1 1 1 1 1 0 0 0 0 0 0 0 0 0 0 0 0
-9999 -9999 -9999 -9999 -9999 13 65 65 65 58 58 58 29 29 56 56 56 48 48 48 2 2 2 2 2 2 3 3 3 5 5 5 6 6 15 15 15 3 3 3 4 4 4 1 1 1 4 4 4 41 41 41 0 0 0 0 0 0 0 0 1 1 1 1 1 1 2 2 2 0 0 0 0 0 0 0 -9999 0 0 0 0 0 0 0 0 0 0 0 0 0 0 0 0 0 0 0
-9999 -9999 -9999 -9999 -9999 13 65 65 65 58 58 58 29 29 56 56 56 48 48 48 2 2 2 2 2 2 3 3 3 5 5 5 6 6 15 15 15 3 3 3 4 4 4 1 1 1 4 4 4 41 41 41 0 0 0 0 0 0 0 0 1 1 1 1 1 1 2 2 2 0 0 0 0 0 0 0 -9999 0 0 0 0 0 0 0 0 0 0 0 0 0 0 0 0 0 0 0
-9999 -9999 -9999 -9999 -9999 13 65 65 65 58 58 58 29 29 56 56 56 48 48 48 2 2 2 2 2 2 3 3 3 5 5 5 6 6 15 15 15 3 3 3 4 4 4 1 1 1 4 4 4 41 41 41 0 0 0 0 0 0 0 0 1 1 1 1 1 1 2 2 2 0 0 0 0 0 0 0 -9999 0 0 0 0 0 0 0 0 0 0 0 0 0 0 0 0 0 0 0
-9999 -9999 -9999 -9999 -9999 0 37 37 37 59 59 59 19 19 51 51 51 42 42 42 2 2 2 3 3 3 3 3 3 3 3 3 1 1 12 12 12 4 4 4 4 4 4 1 1 1 16 16 16 47 47 47 0 0 0 0 0 1 1 1 0 0 0 1 1 1 3 3 3 0 0 0 0 0 0 0 -9999 0 0 0 0 0 0 0 0 0 0 0 0 0 0 0 0 0 0 1
-9999 -9999 -9999 -9999 -9999 -9999 37 37 37 59 59 59 19 19 51 51 51 42 42 42 2 2 2 3 3 3 3 3 3 3 3 3 1 1 12 12 12 4 4 4 4 4 4 1 1 1 16 16 16 47 47 47 0 0 0 0 0 1 1 1 0 0 0 1 1 1 3 3 3 0 0 0 0 0 0 0 -9999 0 0 0 0 0 0 0 0 0 0 0 0 0 0 0 0 0 0 1
-9999 -9999 -9999 -9999 -9999 -9999 -9999 0 0 4 4 4 25 25 43 43 43 48 48 48 2 2 2 1 1 1 4 4 4 2 2 2 13 13 2 2 2 0 0 0 0 0 0 0 0 0 8 8 8 9 9 9 0 0 0 0 0 1 1 1 0 0 0 1 1 1 2 2 2 0 0 0 0 0 0 0 -9999 0 0 0 0 0 0 0 0 0 0 0 0 0 0 0 0 0 0 0
-9999 -9999 -9999 -9999 -9999 -9999 -9999 -9999 0 4 4 4 25 25 43 43 43 48 48 48 2 2 2 1 1 1 4 4 4 2 2 2 13 13 2 2 2 0 0 0 0 0 0 0 0 0 8 8 8 9 9 9 0 0 0 0 0 1 1 1 0 0 0 1 1 1 2 2 2 0 0 0 0 0 0 0 -9999 0 0 0 0 0 0 0 0 0 0 0 0 0 0 0 0 0 0 0
-9999 -9999 -9999 -9999 -9999 -9999 -9999 -9999 -9999 4 4 4 25 25 43 43 43 48 48 48 2 2 2 1 1 1 4 4 4 2 2 2 13 13 2 2 2 0 0 0 0 0 0 0 0 0 8 8 8 9 9 9 0 0 0 0 0 1 1 1 0 0 0 1 1 1 2 2 2 0 0 0 0 0 0 0 -9999 0 0 0 0 0 0 0 0 0 0 0 0 0 0 0 0 0 0 0
-9999 -9999 -9999 -9999 -9999 -9999 -9999 -9999 -9999 0 0 0 18 18 18 18 18 52 52 52 38 38 38 28 28 28 50 50 50 11 11 11 3 3 2 2 2 1 1 1 0 0 0 0 0 0 4 4 4 0 0 0 0 0 0 0 0 2 2 2 1 1 1 4 4 4 1 1 1 0 0 0 0 0 0 0 -9999 0 0 0 0 0 0 0 0 0 0 0 0 0 0 0 0 0 0 0
-9999 -9999 -9999 -9999 -9999 -9999 -9999 -9999 -9999 -9999 -9999 0 18 18 18 18 18 52 52 52 38 38 38 28 28 28 50 50 50 11 11 11 3 3 2 2 2 1 1 1 0 0 0 0 0 0 4 4 4 0 0 0 0 0 0 0 0 2 2 2 1 1 1 4 4 4 1 1 1 0 0 0 0 0 0 0 -9999 0 0 0 0 0 0 0 0 0 0 0 0 0 0 0 0 0 0 0
-9999 -9999 -9999 -9999 -9999 -9999 -9999 -9999 -9999 -9999 -9999 -9999 18 18 18 18 18 52 52 52 38 38 38 28 28 28 50 50 50 11 11 11 3 3 2 2 2 1 1 1 0 0 0 0 0 0 4 4 4 0 0 0 0 0 0 0 0 2 2 2 1 1 1 4 4 4 1 1 1 0 0 0 0 0 0 0 -9999 0 0 0 0 0 0 0 0 0 0 0 0 0 0 0 0 0 0 0
-9999 -9999 -9999 -9999 -9999 -9999 -9999 -9999 -9999 -9999 -9999 -9999 -9999 6 3 3 3 48 48 48 64 64 64 73 73 73 30 30 30 2 2 2 2 2 3 3 3 8 8 8 1 1 1 0 0 0 1 1 1 1 1 1 0 0 0 0 0 3 3 3 8 8 8 25 25 25 0 0 0 0 0 0 0 0 0 0 -9999 0 0 0 0 0 0 0 0 0 0 0 0 0 0 0 0 0 0 0
-9999 -9999 -9999 -9999 -9999 -9999 -9999 -9999 -9999 -9999 -9999 -9999 -9999 6 3 3 3 48 48 48 64 64 64 73 73 73 30 30 30 2 2 2 2 2 3 3 3 8 8 8 1 1 1 0 0 0 1 1 1 1 1 1 0 0 0 0 0 3 3 3 8 8 8 25 25 25 0 0 0 0 0 0 0 0 0 0 -9999 0 0 0 0 0 0 0 0 0 0 0 0 0 0 0 0 0 0 0
-9999 -9999 -9999 -9999 -9999 -9999 -9999 -9999 -9999 -9999 -9999 -9999 -9999 6 3 3 3 48 48 48 64 64 64 73 73 73 30 30 30 2 2 2 2 2 3 3 3 8 8 8 1 1 1 0 0 0 1 1 1 1 1 1 0 0 0 0 0 3 3 3 8 8 8 25 25 25 0 0 0 0 0 0 0 0 0 0 -9999 0 0 0 0 0 0 0 0 0 0 0 0 0 0 0 0 0 0 0
-9999 -9999 -9999 -9999 -9999 -9999 -9999 -9999 -9999 -9999 -9999 -9999 -9999 0 0 0 0 17 17 17 23 23 23 22 22 22 2 2 2 4 4 4 2 2 2 2 2 1 1 1 0 0 0 0 0 0 1 1 1 1 1 1 2 2 1 1 1 0 0 0 6 6 6 4 4 4 2 2 2 0 0 0 0 0 0 0 -9999 0 0 0 0 0 0 0 0 0 0 0 0 0 0 0 0 0 0 0
-9999 -9999 -9999 -9999 -9999 -9999 -9999 -9999 -9999 -9999 -9999 -9999 -9999 -9999 0 0 0 17 17 17 23 23 23 22 22 22 2 2 2 4 4 4 2 2 2 2 2 1 1 1 0 0 0 0 0 0 1 1 1 1 1 1 2 2 1 1 1 0 0 0 6 6 6 4 4 4 2 2 2 0 0 0 0 0 0 0 -9999 0 0 0 0 0 0 0 0 0 0 0 0 0 0 0 0 0 0 0
-9999 -9999 -9999 -9999 -9999 -9999 -9999 -9999 -9999 -9999 -9999 -9999 -9999 -9999 0 0 0 17 17 17 23 23 23 22 22 22 2 2 2 4 4 4 2 2 2 2 2 1 1 1 0 0 0 0 0 0 1 1 1 1 1 1 2 2 1 1 1 0 0 0 6 6 6 4 4 4 2 2 2 0 0 0 0 0 0 0 -9999 0 0 0 0 0 0 0 0 0 0 0 0 0 0 0 0 0 0 0
-9999 -9999 -9999 -9999 -9999 -9999 -9999 -9999 -9999 -9999 -9999 -9999 -9999 -9999 8 8 8 0 0 0 1 1 1 0 0 0 1 1 1 2 2 2 1 1 4 4 4 1 1 1 2 2 2 1 1 1 1 1 1 2 2 2 2 2 0 0 0 0 0 0 7 7 7 10 10 10 0 0 0 1 1 1 0 0 0 0 -9999 0 0 0 0 0 0 0 0 0 0 0 0 0 0 0 0 0 0 0
-9999 -9999 -9999 -9999 -9999 -9999 -9999 -9999 -9999 -9999 -9999 -9999 -9999 -9999 8 8 8 0 0 0 1 1 1 0 0 0 1 1 1 2 2 2 1 1 4 4 4 1 1 1 2 2 2 1 1 1 1 1 1 2 2 2 2 2 0 0 0 0 0 0 7 7 7 10 10 10 0 0 0 1 1 1 0 0 0 0 -9999 0 0 0 0 0 0 0 0 0 0 0 0 0 0 0 0 0 0 0
-9999 -9999 -9999 -9999 -9999 -9999 -9999 -9999 -9999 -9999 -9999 -9999 -9999 -9999 8 8 8 0 0 0 1 1 1 0 0 0 1 1 1 2 2 2 1 1 4 4 4 1 1 1 2 2 2 1 1 1 1 1 1 2 2 2 2 2 0 0 0 0 0 0 7 7 7 10 10 10 0 0 0 1 1 1 0 0 0 0 -9999 0 0 0 0 0 0 0 0 0 0 0 0 0 0 0 0 0 0 0
-9999 -9999 -9999 -9999 -9999 -9999 -9999 -9999 -9999 -9999 -9999 -9999 -9999 -9999 0 0 0 0 0 0 0 0 0 1 1 1 17 17 17 1 1 1 1 1 7 7 7 2 2 2 1 1 1 13 13 13 1 1 1 3 3 3 3 3 1 1 1 0 0 0 2 2 2 1 1 1 2 2 2 1 1 1 1 1 0 0 -9999 0 0 0 0 0 0 0 1 1 1 0 0 0 0 0 0 0 0 0
-9999 -9999 -9999 -9999 -9999 -9999 -9999 -9999 -9999 -9999 -9999 -9999 -9999 -9999 -9999 -9999 0 0 0 0 0 0 0 1 1 1 17 17 17 1 1 1 1 1 7 7 7 2 2 2 1 1 1 13 13 13 1 1 1 3 3 3 3 3 1 1 1 0 0 0 2 2 2 1 1 1 2 2 2 1 1 1 1 1 0 0 -9999 0 0 0 0 0 0 0 1 1 1 0 0 0 0 0 0 0 0 0
-9999 -9999 -9999 -9999 -9999 -9999 -9999 -9999 -9999 -9999 -9999 -9999 -9999 -9999 -9999 -9999 -9999 -9999 -9999 -9999 -9999 -9999 -9999 -9999 -9999 -9999 -9999 -9999 -9999 -9999 -9999 -9999 -9999 -9999 -9999 -9999 -9999 -9999 -9999 -9999 -9999 -9999 -9999 -9999 -9999 -9999 -9999 -9999 -9999 -9999 -9999 -9999 -9999 -9999 -9999 -9999 -9999 -9999 -9999 -9999 -9999 -9999 -9999 -9999 -9999 -9999 -9999 -9999 -9999 -9999 -9999 -9999 -9999 -9999 -9999 -9999 -9999 -9999 -9999 -9999 -9999 -9999 -9999 -9999 -9999 -9999 -9999 -9999 -9999 -9999 -9999 -9999 -9999 -9999 -9999 -9999
-9999 -9999 -9999 -9999 -9999 -9999 -9999 -9999 -9999 -9999 -9999 -9999 -9999 -9999 -9999 -9999 -9999 0 0 0 0 0 0 1 1 1 17 17 17 1 1 1 1 1 7 7 7 2 2 2 1 1 1 13 13 13 1 1 1 3 3 3 3 3 1 1 1 0 0 0 2 2 2 1 1 1 2 2 2 1 1 1 1 1 0 0 -9999 0 0 0 0 0 0 0 1 1 1 0 0 0 0 0 0 0 0 0
