Madagascar1218CLEAN/DATA/irrigate.txt
ncols         251
nrows         471
xllcorner     43.217484268189
yllcorner     -25.606154098314
cellsize      0.029
NODATA_value  -9999
[rows 111 to 147 of 471, columns 83 to 165 of 251]
-9999 -9999 -9999 -9999 -9999 -9999 -9999 -9999 -9999 -9999 -9999 -9999 -9999 -9999 -9999 -9999 -9999 -9999 -9999 -9999 -9999 -9999 -9999 -9999 -9999 -9999 -9999 -9999 -9999 -9999 -9999 -9999 -9999 -9999 -9999 -9999 -9999 -9999 -9999 -9999 -9999 -9999 -9999 -9999 -9999 -9999 -9999 -9999 -9999 -9999 2.86472 2.86472 2.86472 2.86472 2.86472 2.86472 2.86472 2.86472 2.86472 2.86472 2.86472 2.86472 2.86472 2.86472 2.86472 2.86472 2.86472 2.86472 2.86472 2.86472 2.86472 2.86472 2.86472 2.86472 2.86472 2.86472 2.86472 2.86472 2.86472 2.86472 2.86472 2.86472 2.86472
-9999 -9999 -9999 -9999 -9999 -9999 -9999 -9999 -9999 -9999 -9999 -9999 -9999 -9999 -9999 -9999 -9999 -9999 -9999 -9999 -9999 -9999 -9999 -9999 -9999 -9999 -9999 -9999 -9999 -9999 -9999 -9999 -9999 -9999 -9999 -9999 -9999 -9999 -9999 -9999 -9999 -9999 -9999 -9999 -9999 -9999 -9999 -9999 -9999 2.86472 2.86472 2.86472 2.86472 2.86472 2.86472 2.86472 2.86472 2.86472 2.86472 2.86472 2.86472 2.86472 2.86472 2.86472 2.86472 2.86472 2.86472 2.86472 2.86472 2.86472 2.86472 2.86472 2.86472 2.86472 2.86472 2.86472 2.86472 2.86472 2.86472 2.86472 2.86472 2.86472 2.86472
-9999 -9999 -9999 -9999 -9999 -9999 -9999 -9999 -9999 -9999 -9999 -9999 -9999 -9999 -9999 -9999 -9999 -9999 -9999 -9999 -9999 -9999 -9999 -9999 -9999 -9999 -9999 -9999 -9999 -9999 -9999 -9999 -9999 -9999 -9999 -9999 -9999 -9999 -9999 -9999 -9999 -9999 -9999 0 0 0 -9999 -9999 -9999 2.86472 2.86472 2.86472 2.86472 2.86472 2.86472 2.86472 2.86472 2.86472 2.86472 2.86472 2.86472 2.86472 2.86472 2.86472 2.86472 2.86472 2.86472 2.86472 2.86472 2.86472 2.86472 2.86472 2.86472 2.86472 2.86472 2.86472 2.86472 2.86472 2.86472 2.86472 2.86472 2.86472 2.86472
-9999 -9999 -9999 -9999 -9999 -9999 -9999 -9999 -9999 -9999 -9999 -9999 -9999 -9999 -9999 -9999 -9999 -9999 -9999 -9999 -9999 -9999 -9999 -9999 -9999 -9999 -9999 -9999 -9999 -9999 -9999 -9999 -9999 -9999 -9999 -9999 -9999 -9999 -9999 -9999 -9999 -9999 2.76845 2.76845 2.12211 2.12211 -9999 -9999 -9999 -9999 0 0 2.86472 2.86472 2.86472 2.86472 2.86472 2.86472 2.86472 2.86472 2.86472 2.86472 2.86472 2.86472 2.86472 2.86472 2.86472 2.86472 2.86472 2.86472 2.86472 2.86472 2.86472 2.86472 2.86472 2.86472 2.86472 2.86472 2.86472 2.86472 2.86472 2.86472 2.86472
-9999 -9999 -9999 -9999 -9999 -9999 -9999 -9999 -9999 -9999 -9999 -9999 -9999 -9999 -9999 -9999 -9999 -9999 -9999 -9999 -9999 -9999 -9999 -9999 -9999 -9999 -9999 -9999 -9999 -9999 -9999 -9999 -9999 -9999 -9999 -9999 -9999 -9999 -9999 -9999 -9999 2.76845 2.76845 2.76845 2.12211 2.12211 -9999 -9999 -9999 -9999 -9999 0 2.86472 2.86472 2.86472 2.86472 2.86472 2.86472 2.86472 2.86472 2.86472 2.86472 2.86472 2.86472 2.86472 2.86472 2.86472 2.86472 2.86472 2.86472 2.86472 2.86472 2.86472 2.86472 2.86472 2.86472 2.86472 2.86472 2.86472 2.86472 2.86472 2.86472 2.86472
-9999 -9999 -9999 -9999 -9999 -9999 -9999 -9999 -9999 -9999 -9999 -9999 -9999 -9999 -9999 -9999 -9999 -9999 -9999 -9999 -9999 -9999 -9999 -9999 -9999 -9999 -9999 -9999 -9999 -9999 -9999 -9999 -9999 -9999 -9999 -9999 -9999 -9999 -9999 0 0 2.76845 2.76845 2.76845 2.12211 2.12211 2.12211 0 0 -9999 -9999 -9999 -9999 2.86472 2.86472 2.86472 2.86472 2.86472 2.86472 2.86472 2.86472 2.86472 2.86472 2.86472 2.86472 2.86472 2.86472 2.86472 2.86472 2.86472 2.86472 2.86472 2.86472 2.86472 2.86472 2.86472 2.86472 2.86472 2.86472 2.86472 2.86472 2.86472 2.86472
-9999 -9999 -9999 -9999 -9999 -9999 -9999 -9999 -9999 -9999 -9999 -9999 -9999 -9999 -9999 -9999 -9999 -9999 -9999 -9999 -9999 -9999 -9999 -9999 -9999 -9999 -9999 -9999 -9999 -9999 -9999 -9999 -9999 -9999 -9999 -9999 -9999 -9999 2.86472 2.86472 2.86472 2.86472 2.86472 2.86472 2.86472 2.86472 2.86472 0 0 0 -9999 -9999 2.80056 2.80056 2.80056 0 0 0 2.86472 2.86472 2.86472 2.86472 2.86472 2.86472 2.86472 2.86472 2.86472 2.86472 2.86472 2.86472 2.86472 2.86472 2.86472 2.86472 2.86472 2.86472 2.86472 2.86472 2.86472 2.86472 2.86472 2.86472 2.86472
-9999 -9999 -9999 -9999 -9999 -9999 -9999 -9999 -9999 -9999 -9999 -9999 -9999 -9999 -9999 -9999 -9999 -9999 -9999 -9999 -9999 -9999 -9999 -9999 -9999 -9999 -9999 -9999 -9999 -9999 -9999 -9999 -9999 -9999 -9999 -9999 -9999 0 2.86472 2.86472 2.86472 2.86472 2.86472 2.86472 2.86472 2.86472 2.86472 0 0 -9999 -9999 -9999 -9999 2.80056 2.80056 0 0 0 2.86472 2.86472 2.86472 2.86472 2.86472 2.86472 2.86472 2.86472 2.86472 2.86472 2.86472 2.86472 2.86472 2.86472 2.86472 2.86472 2.86472 2.86472 2.86472 2.86472 2.86472 2.86472 2.86472 2.86472 2.86472
-9999 -9999 -9999 -9999 -9999 -9999 -9999 -9999 -9999 -9999 -9999 -9999 -9999 -9999 -9999 -9999 -9999 -9999 -9999 -9999 -9999 -9999 -9999 -9999 -9999 -9999 -9999 -9999 -9999 -9999 -9999 -9999 -9999 -9999 -9999 0 0 0 2.86472 2.86472 2.86472 2.86472 2.86472 2.86472 2.86472 2.86472 2.86472 0 -9999 -9999 -9999 -9999 -9999 2.80056 2.80056 0 0 0 2.86472 2.86472 2.86472 2.86472 2.86472 2.86472 2.86472 2.86472 2.86472 2.86472 2.86472 2.86472 2.86472 2.86472 2.86472 2.86472 2.86472 2.86472 2.86472 2.86472 2.86472 2.86472 2.86472 2.86472 2.86472
-9999 -9999 -9999 -9999 -9999 -9999 -9999 -9999 -9999 -9999 -9999 -9999 -9999 -9999 -9999 -9999 -9999 -9999 -9999 -9999 -9999 -9999 -9999 -9999 -9999 -9999 -9999 -9999 -9999 -9999 -9999 -9999 -9999 -9999 2.3467 2.71344 2.71344 2.71344 2.86472 2.86472 2.86472 2.86472 2.86472 2.86472 1.91597 1.91597 1.91597 -9999 -9999 -9999 -9999 -9999 -9999 -9999 0 2.86472 2.86472 2.86472 2.86472 2.86472 2.86472 2.86472 2.86472 2.86472 2.86472 2.86472 2.86472 2.86472 2.86472 2.86472 2.86472 2.86472 2.86472 2.86472 2.86472 2.86472 2.86472 2.86472 2.86472 2.86472 2.86472 2.86472 2.86472
-9999 -9999 -9999 -9999 -9999 -9999 -9999 -9999 -9999 -9999 -9999 -9999 -9999 -9999 -9999 -9999 -9999 -9999 -9999 -9999 -9999 -9999 -9999 -9999 -9999 -9999 -9999 -9999 -9999 -9999 -9999 -9999 -9999 2.3467 2.3467 2.71344 2.71344 2.71344 2.86472 2.86472 2.86472 2.86472 2.86472 2.86472 1.91597 1.91597 1.91597 -9999 -9999 -9999 -9999 0 0 0 0 2.86472 2.86472 2.86472 2.86472 2.86472 2.86472 2.86472 2.86472 2.86472 2.86472 2.86472 2.86472 2.86472 2.86472 2.86472 2.86472 2.86472 2.86472 2.86472 2.86472 2.86472 2.86472 2.86472 2.86472 2.86472 2.86472 2.86472 2.86472
-9999 -9999 -9999 -9999 -9999 -9999 -9999 -9999 -9999 -9999 -9999 -9999 -9999 -9999 -9999 -9999 -9999 -9999 -9999 -9999 -9999 -9999 -9999 -9999 -9999 -9999 -9999 -9999 -9999 -9999 -9999 2.82346 2.86472 2.86472 2.86472 2.86472 2.86472 2.86472 2.86472 2.86472 2.86472 2.86472 2.86472 2.86472 0 0 -9999 -9999 2.39715 2.79595 2.79595 2.79595 2.86472 2.86472 2.86472 2.86472 2.86472 2.86472 2.86472 2.86472 2.86472 2.86472 2.86472 2.86472 2.86472 2.86472 2.86472 2.86472 2.86472 2.86472 2.86472 2.86472 2.86472 2.86472 2.86472 2.86472 2.86472 2.86472 2.86472 2.86472 2.86472 2.86472 2.86472
-9999 -9999 -9999 -9999 -9999 -9999 -9999 -9999 -9999 -9999 -9999 -9999 -9999 -9999 -9999 -9999 -9999 -9999 -9999 -9999 -9999 -9999 -9999 -9999 -9999 -9999 -9999 -9999 -9999 0 2.82346 2.82346 2.86472 2.86472 2.86472 2.86472 2.86472 2.86472 2.86472 2.86472 2.86472 2.86472 2.86472 2.86472 0 0 0 2.39715 -9999 2.79595 2.79595 2.79595 2.86472 2.86472 2.86472 2.86472 2.86472 2.86472 2.86472 2.86472 2.86472 2.86472 2.86472 2.86472 2.86472 2.86472 2.86472 2.86472 2.86472 2.86472 2.86472 2.86472 2.86472 2.86472 2.86472 2.86472 2.86472 2.86472 2.86472 2.86472 2.86472 2.86472 2.86472
-9999 -9999 -9999 -9999 -9999 -9999 -9999 -9999 -9999 -9999 -9999 -9999 -9999 -9999 -9999 -9999 -9999 -9999 -9999 -9999 -9999 -9999 -9999 -9999 -9999 -9999 -9999 -9999 0 0 2.82346 2.82346 2.86472 2.86472 2.86472 2.86472 2.86472 2.86472 2.86472 2.86472 2.86472 2.86472 2.86472 2.86472 0 0 0 2.39715 2.39715 2.79595 2.79595 2.79595 2.86472 2.86472 2.86472 2.86472 2.86472 2.86472 2.86472 2.86472 2.86472 2.86472 2.86472 2.86472 2.86472 2.86472 2.86472 2.86472 2.86472 2.86472 2.86472 2.86472 2.86472 2.86472 2.86472 2.86472 2.86472 2.86472 2.86472 2.86472 2.86472 2.86472 2.86472
-9999 -9999 -9999 -9999 -9999 -9999 -9999 -9999 -9999 -9999 -9999 -9999 -9999 -9999 -9999 -9999 -9999 -9999 -9999 -9999 -9999 -9999 -9999 -9999 -9999 -9999 -9999 2.86472 2.86472 2.86472 2.86472 2.86472 2.86472 2.86472 2.86472 2.86472 2.86472 2.86472 2.86472 2.86472 2.86472 2.86472 2.86472 2.86472 2.86472 2.86472 2.86472 2.82346 2.82346 2.86472 2.86472 2.86472 2.86472 2.86472 2.86472 2.86472 2.86472 2.86472 2.86472 2.86472 2.86472 2.86472 2.86472 2.86472 2.86472 2.86472 2.86472 2.86472 2.86472 2.86472 2.86472 2.86472 26.0201 26.0201 26.0201 2.86472 2.86472 2.86472 2.86472 2.86472 2.86472 2.86472 2.86472
-9999 -9999 -9999 -9999 -9999 -9999 -9999 -9999 -9999 -9999 -9999 -9999 -9999 -9999 -9999 -9999 -9999 -9999 -9999 -9999 -9999 -9999 -9999 -9999 -9999 -9999 0 2.86472 2.86472 2.86472 2.86472 2.86472 2.86472 2.86472 2.86472 2.86472 2.86472 2.86472 2.86472 2.86472 2.86472 2.86472 2.86472 2.86472 2.86472 2.86472 2.86472 2.82346 2.82346 2.86472 2.86472 2.86472 2.86472 2.86472 2.86472 2.86472 2.86472 2.86472 2.86472 2.86472 2.86472 2.86472 2.86472 2.86472 2.86472 2.86472 2.86472 2.86472 2.86472 2.86472 2.86472 2.86472 26.0201 26.0201 26.0201 2.86472 2.86472 2.86472 2.86472 2.86472 2.86472 2.86472 2.86472
-9999 -9999 -9999 -9999 -9999 -9999 -9999 -9999 -9999 -9999 -9999 -9999 -9999 -9999 -9999 -9999 -9999 -9999 -9999 -9999 -9999 -9999 -9999 -9999 -9999 0 0 2.86472 2.86472 2.86472 2.86472 2.86472 2.86472 2.86472 2.86472 2.86472 2.86472 2.86472 2.86472 2.86472 2.86472 2.86472 2.86472 2.86472 2.86472 2.86472 2.86472 2.82346 2.82346 2.86472 2.86472 2.86472 2.86472 2.86472 2.86472 2.86472 2.86472 2.86472 2.86472 2.86472 2.86472 2.86472 2.86472 2.86472 2.86472 2.86472 2.86472 2.86472 2.86472 2.86472 2.86472 2.86472 26.0201 26.0201 26.0201 2.86472 2.86472 2.86472 2.86472 2.86472 2.86472 2.86472 2.86472
-9999 -9999 -9999 -9999 -9999 -9999 -9999 -9999 -9999 -9999 -9999 -9999 -9999 -9999 -9999 -9999 -9999 -9999 -9999 -9999 -9999 -9999 -9999 -9999 2.411 2.411 2.411 2.86472 2.86472 2.86472 2.86472 2.86472 2.86472 2.86472 2.86472 2.86472 2.86472 2.86472 2.86472 2.86472 2.86472 2.86472 2.86472 2.86472 2.86472 2.86472 2.86472 2.86472 2.86472 2.86472 2.86472 2.86472 2.86472 2.86472 2.86472 2.86472 2.86472 2.86472 2.86472 2.86472 2.86472 2.86472 2.86472 2.86472 2.86472 2.86472 2.86472 2.86472 2.86472 2.86472 2.86472 2.86472 2.86472 2.86472 2.86472 2.86472 2.86472 2.86472 2.86472 2.86472 2.86472 2.86472 2.86472
-9999 -9999 -9999 -9999 -9999 -9999 -9999 -9999 -9999 -9999 -9999 -9999 -9999 -9999 -9999 -9999 -9999 -9999 -9999 -9999 -9999 -9999 -9999 -9999 2.411 2.411 2.411 2.86472 2.86472 2.86472 2.86472 2.86472 2.86472 2.86472 2.86472 2.86472 2.86472 2.86472 2.86472 2.86472 2.86472 2.86472 2.86472 2.86472 2.86472 2.86472 2.86472 2.86472 2.86472 2.86472 2.86472 2.86472 2.86472 2.86472 2.86472 2.86472 2.86472 2.86472 2.86472 2.86472 2.86472 2.86472 2.86472 2.86472 2.86472 2.86472 2.86472 2.86472 2.86472 2.86472 2.86472 2.86472 2.86472 2.86472 2.86472 2.86472 2.86472 2.86472 2.86472 2.86472 2.86472 2.86472 2.86472
-9999 -9999 -9999 -9999 -9999 -9999 -9999 -9999 -9999 -9999 -9999 -9999 -9999 -9999 -9999 -9999 0 0 0 0 0 -9999 -9999 -9999 2.411 2.411 2.411 2.86472 2.86472 2.86472 2.86472 2.86472 2.86472 2.86472 2.86472 2.86472 2.86472 2.86472 2.86472 2.86472 2.86472 2.86472 2.86472 2.86472 2.86472 2.86472 2.86472 2.86472 2.86472 2.86472 2.86472 2.86472 2.86472 2.86472 2.86472 2.86472 2.86472 2.86472 2.86472 2.86472 2.86472 2.86472 2.86472 2.86472 2.86472 2.86472 2.86472 2.86472 2.86472 2.86472 2.86472 2.86472 2.86472 2.86472 2.86472 2.86472 2.86472 2.86472 2.86472 2.86472 2.86472 2.86472 2.86472
-9999 -9999 -9999 -9999 -9999 -9999 -9999 -9999 -9999 -9999 -9999 -9999 -9999 -9999 -9999 2.69971 2.69971 2.69971 2.10847 2.10847 2.10847 0 -9999 -9999 -9999 -9999 2.51176 32.9637 32.9637 32.9637 12.8993 12.8993 2.86471 2.86471 2.86471 2.86471 2.86471 2.86471 2.86471 2.86471 2.86471 2.86471 2.86471 2.86471 2.86471 2.86471 2.86471 2.86471 2.86471 2.86471 2.86471 2.86471 2.86471 2.86471 2.86471 2.86471 2.86471 2.86471 2.86471 2.86471 2.86471 2.86471 2.86471 2.86471 2.86471 2.86471 2.86471 2.86471 2.86471 2.86471 2.86471 2.86471 2.86471 2.86471 2.86471 2.86471 2.86471 2.86471 2.86471 2.86471 2.86471 2.86471 2.86471
-9999 -9999 -9999 -9999 -9999 -9999 -9999 -9999 0 0 0 -9999 -9999 -9999 0 2.69971 2.69971 2.69971 2.10847 2.10847 2.10847 -9999 -9999 -9999 -9999 2.51176 2.51176 32.9637 32.9637 32.9637 12.8993 12.8993 2.86471 2.86471 2.86471 2.86471 2.86471 2.86471 2.86471 2.86471 2.86471 2.86471 2.86471 2.86471 2.86471 2.86471 2.86471 2.86471 2.86471 2.86471 2.86471 2.86471 2.86471 2.86471 2.86471 2.86471 2.86471 2.86471 2.86471 2.86471 2.86471 2.86471 2.86471 2.86471 2.86471 2.86471 2.86471 2.86471 2.86471 2.86471 2.86471 2.86471 2.86471 2.86471 2.86471 2.86471 2.86471 2.86471 2.86471 2.86471 2.86471 2.86471 2.86471
-9999 0 0 0 0 -9999 0 0 0 0 0 0 -9999 0 0 -9999 2.69971 2.69971 2.10847 2.10847 2.10847 -9999 -9999 -9999 2.51176 2.51176 2.51176 32.9637 32.9637 32.9637 12.8993 12.8993 2.86471 2.86471 2.86471 2.86471 2.86471 2.86471 2.86471 2.86471 2.86471 2.86471 2.86471 2.86471 2.86471 2.86471 2.86471 2.86471 2.86471 2.86471 2.86471 2.86471 2.86471 2.86471 2.86471 2.86471 2.86471 2.86471 2.86471 2.86471 2.86471 2.86471 2.86471 2.86471 2.86471 2.86471 2.86471 2.86471 2.86471 2.86471 2.86471 2.86471 2.86471 2.86471 2.86471 2.86471 2.86471 2.86471 2.86471 2.86471 2.86471 2.86471 2.86471
0 0 0 0 0 0 0 0 0 0 0 0 0.352968 -9999 -9999 2.79139 2.79139 2.79139 2.71343 2.71343 2.71343 0 -9999 0 0 0 0 9.46892 9.46892 9.46892 5.47099 5.47099 2.86472 2.86472 2.86472 2.86472 2.86472 2.86472 2.86472 2.86472 2.86472 2.86472 2.86472 2.86472 2.86472 2.86472 2.86472 2.86472 2.86472 2.86472 2.86472 2.86472 2.86472 2.86472 2.86472 2.86472 2.86472 2.86472 2.86472 2.86472 2.86472 2.86472 2.86472 2.86472 2.86472 2.86472 2.86472 2.86472 2.86472 2.86472 2.86472 2.86472 2.86472 2.86472 2.86472 2.86472 2.86472 2.86472 2.86472 2.86472 2.86472 2.86472 2.86472
0 0 0 0 0 0 0 0 0 0 0 0 0.352968 0.352968 0.352968 2.79139 2.79139 2.79139 2.71343 2.71343 2.71343 0 0 0 0 0 0 9.46892 9.46892 9.46892 5.47099 5.47099 2.86472 2.86472 2.86472 2.86472 2.86472 2.86472 2.86472 2.86472 2.86472 2.86472 2.86472 2.86472 2.86472 2.86472 2.86472 2.86472 2.86472 2.86472 2.86472 2.86472 2.86472 2.86472 2.86472 2.86472 2.86472 2.86472 2.86472 2.86472 2.86472 2.86472 2.86472 2.86472 2.86472 2.86472 2.86472 2.86472 2.86472 2.86472 2.86472 2.86472 2.86472 2.86472 2.86472 2.86472 2.86472 2.86472 2.86472 2.86472 2.86472 2.86472 2.86472
-9999 0 0 0 0 0 0 0 0 0 0 0 0.352968 0.352968 0.352968 2.79139 2.79139 2.79139 2.71343 2.71343 2.71343 0 0 0 0 0 0 9.46892 9.46892 9.46892 5.47099 5.47099 2.86472 2.86472 2.86472 2.86472 2.86472 2.86472 2.86472 2.86472 2.86472 2.86472 2.86472 2.86472 2.86472 2.86472 2.86472 2.86472 2.86472 2.86472 2.86472 2.86472 2.86472 2.86472 2.86472 2.86472 2.86472 2.86472 2.86472 2.86472 2.86472 2.86472 2.86472 2.86472 2.86472 2.86472 2.86472 2.86472 2.86472 2.86472 2.86472 2.86472 2.86472 2.86472 2.86472 2.86472 2.86472 2.86472 2.86472 2.86472 2.86472 2.86472 2.86472
0 0 0 0 0 0 0 0 0 0 0 0 0 0 0 1.59055 1.59055 1.59055 2.86472 2.86472 2.86472 1.71875 1.71875 1.71875 0 0 0 0 0 0 2.61724 2.61724 2.86472 2.86472 2.86472 2.86472 2.86472 2.86472 2.86472 2.86472 2.86472 2.86472 2.86472 2.86472 2.86472 2.86472 2.86472 2.86472 2.86472 2.86472 2.86472 2.86472 2.86472 2.86472 2.86472 2.86472 2.86472 2.86472 2.86472 2.86472 2.86472 2.86472 2.86472 2.86472 2.86472 2.86472 2.86472 2.86472 2.86472 2.86472 2.86472 2.86472 2.86472 2.86472 2.86472 2.86472 2.86472 2.86472 2.82347 2.82347 2.82347 1.44853 1.44853
0 0 0 0 0 0 0 0 0 0 0 0 0 0 0 1.59055 1.59055 1.59055 2.86472 2.86472 2.86472 1.71875 1.71875 1.71875 0 0 0 0 0 0 2.61724 2.61724 2.86472 2.86472 2.86472 2.86472 2.86472 2.86472 2.86472 2.86472 2.86472 2.86472 2.86472 2.86472 2.86472 2.86472 2.86472 2.86472 2.86472 2.86472 2.86472 2.86472 2.86472 2.86472 2.86472 2.86472 2.86472 2.86472 2.86472 2.86472 2.86472 2.86472 2.86472 2.86472 2.86472 2.86472 2.86472 2.86472 2.86472 2.86472 2.86472 2.86472 2.86472 2.86472 2.86472 2.86472 2.86472 2.86472 2.82347 2.82347 2.82347 1.44853 1.44853
0 0 0 0 0 0 0 0 0 0 0 0 0 0 0 1.59055 1.59055 1.59055 2.86472 2.86472 2.86472 1.71875 1.71875 1.71875 0 0 0 0 0 0 2.61724 2.61724 2.86472 2.86472 2.86472 2.86472 2.86472 2.86472 2.86472 2.86472 2.86472 2.86472 2.86472 2.86472 2.86472 2.86472 2.86472 2.86472 2.86472 2.86472 2.86472 2.86472 2.86472 2.86472 2.86472 2.86472 2.86472 2.86472 2.86472 2.86472 2.86472 2.86472 2.86472 2.86472 2.86472 2.86472 2.86472 2.86472 2.86472 2.86472 2.86472 2.86472 2.86472 2.86472 2.86472 2.86472 2.86472 2.86472 2.82347 2.82347 2.82347 1.44853 1.44853
0 0 0 0 0 0 0 0 0 0 0 0 0 0 0 0.192533 0.192533 0.192533 2.61265 2.61265 2.61265 2.86471 2.86471 2.86471 2.86471 2.86471 2.86471 2.86471 2.86471 2.86471 2.86471 2.86471 2.86471 2.86471 2.86471 2.86471 2.86471 2.86471 2.86471 2.86471 2.86471 2.86471 2.86471 2.86471 2.86471 2.86471 2.86471 2.86471 2.86471 2.86471 2.86471 2.86471 2.86471 2.86471 2.86471 2.86471 2.86471 2.86471 2.86471 2.86471 2.86471 2.85096 2.85096 2.85096 2.21395 2.21395 2.21395 2.82805 2.82805 2.86471 2.86471 2.86471 2.86471 2.86471 2.86471 2.41559 2.41559 2.41559 0.605104 0.605104 0.605104 0 0
0 0 0 0 0 0 0 0 0 0 0 0 0 0 0 0.192533 0.192533 0.192533 2.61265 2.61265 2.61265 2.86471 2.86471 2.86471 2.86471 2.86471 2.86471 2.86471 2.86471 2.86471 2.86471 2.86471 2.86471 2.86471 2.86471 2.86471 2.86471 2.86471 2.86471 2.86471 2.86471 2.86471 2.86471 2.86471 2.86471 2.86471 2.86471 2.86471 2.86471 2.86471 2.86471 2.86471 2.86471 2.86471 2.86471 2.86471 2.86471 2.86471 2.86471 2.86471 2.86471 2.85096 2.85096 2.85096 2.21395 2.21395 2.21395 2.82805 2.82805 2.86471 2.86471 2.86471 2.86471 2.86471 2.86471 2.41559 2.41559 2.41559 0.605104 0.605104 0.605104 0 0
0 0 0 0 0 0 0 0 0 0 0 0 0 0 0 0 0 0 1.33386 1.33386 1.33386 2.86472 2.86472 2.86472 2.86472 2.86472 2.86472 2.86472 2.86472 2.86472 2.86472 2.86472 2.86472 2.86472 2.86472 2.86472 2.86472 2.86472 2.86472 2.86472 2.86472 2.86472 2.86472 2.86472 2.86472 2.86472 2.86472 2.86472 2.86472 2.86472 2.86472 2.86472 2.86472 2.86472 2.86472 2.86472 2.86472 2.86472 2.86472 2.86472 2.86472 2.06723 2.06723 2.06723 0 0 0 0.224636 0.224636 1.02685 1.02685 1.02685 1.43938 1.43938 1.43938 0.100857 0.100857 0.100857 0 0 0 0 0
0 0 0 0 0 0 0 0 0 0 0 0 0 0 0 0 0 0 1.33386 1.33386 1.33386 2.86472 2.86472 2.86472 2.86472 2.86472 2.86472 2.86472 2.86472 2.86472 2.86472 2.86472 2.86472 2.86472 2.86472 2.86472 2.86472 2.86472 2.86472 2.86472 2.86472 2.86472 2.86472 2.86472 2.86472 2.86472 2.86472 2.86472 2.86472 2.86472 2.86472 2.86472 2.86472 2.86472 2.86472 2.86472 2.86472 2.86472 2.86472 2.86472 2.86472 2.06723 2.06723 2.06723 0 0 0 0.224636 0.224636 1.02685 1.02685 1.02685 1.43938 1.43938 1.43938 0.100857 0.100857 0.100857 0 0 0 0 0
0 0 0 0 0 0 0 0 0 0 0 0 0 0 0 0 0 0 1.33386 1.33386 1.33386 2.86472 2.86472 2.86472 2.86472 2.86472 2.86472 2.86472 2.86472 2.86472 2.86472 2.86472 2.86472 2.86472 2.86472 2.86472 2.86472 2.86472 2.86472 2.86472 2.86472 2.86472 2.86472 2.86472 2.86472 2.86472 2.86472 2.86472 2.86472 2.86472 2.86472 2.86472 2.86472 2.86472 2.86472 2.86472 2.86472 2.86472 2.86472 2.86472 2.86472 2.06723 2.06723 2.06723 0 0 0 0.224636 0.224636 1.02685 1.02685 1.02685 1.43938 1.43938 1.43938 0.100857 0.100857 0.100857 0 0 0 0 0
0 0 0 0 0 0 0 0 0 0 0 0 0 0 0 0 0 0 0.23379 0.23379 0.23379 2.78223 2.78223 2.78223 2.86472 2.86472 2.86472 2.86472 2.86472 2.86472 2.86472 2.86472 2.86472 2.86472 2.86472 2.86472 2.86472 2.86472 2.86472 2.86472 2.86472 2.86472 2.86472 2.86472 2.86472 2.86472 2.86472 2.86472 2.86472 2.86472 2.86472 2.86472 2.86472 2.86472 2.86472 2.86472 2.86472 2.86472 2.86472 2.86472 2.86472 0.788418 0.788418 0.788418 0 0 0 0 0 0 0 0 0 0 0 0 0 0 0 0 0 0 0
0 0 0 0 0 0 0 0 0 0 0 0 0 0 0 0 0 0 0.23379 0.23379 0.23379 2.78223 2.78223 2.78223 2.86472 2.86472 2.86472 2.86472 2.86472 2.86472 2.86472 2.86472 2.86472 2.86472 2.86472 2.86472 2.86472 2.86472 2.86472 2.86472 2.86472 2.86472 2.86472 2.86472 2.86472 2.86472 2.86472 2.86472 2.86472 2.86472 2.86472 2.86472 2.86472 2.86472 2.86472 2.86472 2.86472 2.86472 2.86472 2.86472 2.86472 0.788418 0.788418 0.788418 0 0 0 0 0 0 0 0 0 0 0 0 0 0 0 0 0 0 0
0 0 0 0 0 0 0 0 0 0 0 0 0 0 0 0 0 0 0.23379 0.23379 0.23379 2.78223 2.78223 2.78223 2.86472 2.86472 2.86472 2.86472 2.86472 2.86472 2.86472 2.86472 2.86472 2.86472 2.86472 2.86472 2.86472 2.86472 2.86472 2.86472 2.86472 2.86472 2.86472 2.86472 2.86472 2.86472 2.86472 2.86472 2.86472 2.86472 2.86472 2.86472 2.86472 2.86472 2.86472 2.86472 2.86472 2.86472 2.86472 2.86472 2.86472 0.788418 0.788418 0.788418 0 0 0 0 0 0 0 0 0 0 0 0 0 0 0 0 0 0 0
