Madagascar1218CLEAN/DATA/irrigate.txt
ncols         251
nrows         471
xllcorner     43.217484268189
yllcorner     -25.606154098314
cellsize      0.029
NODATA_value  -9999
[rows 37 to 73 of 471, columns 166 to 248 of 251]
-9999 -9999 -9999 -9999 -9999 -9999 -9999 -9999 -9999 -9999 -9999 -9999 -9999 -9999 -9999 -9999 -9999 -9999 -9999 -9999 -9999 -9999 -9999 -9999 -9999 -9999 -9999 -9999 0 2.29955 2.29955 2.29955 5.58033 5.58033 5.58033 3.71227 3.71227 3.71227 2.29955 2.29955 2.29955 2.29955 2.29955 2.29955 2.29955 2.29955 2.29955 2.29955 2.29955 2.29955 2.29955 2.29955 2.29955 2.29955 2.29955 2.29955 2.29955 2.29955 2.29955 2.29955 2.29955 -9999 2.13396 2.13396 2.13396 0 -9999 -9999 -9999 -9999 -9999 -9999 -9999 -9999 -9999 -9999 -9999 -9999 -9999 -9999 -9999 -9999 -9999
-9999 -9999 -9999 -9999 -9999 -9999 -9999 -9999 -9999 -9999 -9999 -9999 -9999 -9999 -9999 -9999 -9999 -9999 -9999 -9999 -9999 -9999 -9999 -9999 -9999 -9999 -9999 0 0 2.29955 2.29955 2.29955 5.58033 5.58033 5.58033 3.71227 3.71227 3.71227 2.29955 2.29955 2.29955 2.29955 2.29955 2.29955 2.29955 2.29955 2.29955 2.29955 2.29955 2.29955 2.29955 2.29955 2.29955 2.29955 2.29955 2.29955 2.29955 2.29955 2.29955 2.29955 2.29955 -9999 2.13396 2.13396 2.13396 0 -9999 -9999 -9999 -9999 -9999 -9999 -9999 -9999 -9999 -9999 -9999 -9999 -9999 -9999 -9999 -9999 -9999
-9999 -9999 -9999 -9999 -9999 -9999 -9999 -9999 -9999 -9999 -9999 -9999 -9999 -9999 -9999 -9999 -9999 -9999 -9999 -9999 -9999 -9999 -9999 -9999 -9999 -9999 -9999 2.26275 2.26275 2.29955 2.29955 2.29955 76.8902 76.8902 76.8902 33.902 33.902 33.902 2.29955 2.29955 2.29955 2.29955 2.29955 2.29955 2.29955 2.29955 2.29955 2.29955 2.29955 2.29955 2.29955 2.29955 2.29955 2.29955 2.29955 2.29955 2.29955 2.29955 2.29955 2.29955 2.29955 -9999 2.29955 2.29955 2.29955 0 -9999 -9999 -9999 -9999 -9999 -9999 -9999 -9999 -9999 -9999 -9999 -9999 -9999 -9999 -9999 -9999 -9999
-9999 -9999 -9999 -9999 -9999 -9999 -9999 -9999 -9999 -9999 -9999 -9999 -9999 -9999 -9999 -9999 -9999 -9999 -9999 -9999 -9999 -9999 -9999 -9999 -9999 -9999 2.26275 2.26275 2.26275 2.29955 2.29955 2.29955 76.8902 76.8902 76.8902 33.902 33.902 33.902 2.29955 2.29955 2.29955 2.29955 2.29955 2.29955 2.29955 2.29955 2.29955 2.29955 2.29955 2.29955 2.29955 2.29955 2.29955 2.29955 2.29955 2.29955 2.29955 2.29955 2.29955 2.29955 2.29955 -9999 2.29955 2.29955 2.29955 0 -9999 -9999 -9999 -9999 -9999 -9999 -9999 -9999 -9999 -9999 -9999 -9999 -9999 -9999 -9999 -9999 -9999
-9999 -9999 -9999 -9999 -9999 -9999 -9999 -9999 -9999 -9999 -9999 -9999 -9999 -9999 -9999 -9999 -9999 -9999 -9999 -9999 -9999 -9999 -9999 -9999 -9999 -9999 -9999 2.26275 2.26275 2.29955 2.29955 2.29955 76.8902 76.8902 76.8902 33.902 33.902 33.902 2.29955 2.29955 2.29955 2.29955 2.29955 2.29955 2.29955 2.29955 2.29955 2.29955 2.29955 2.29955 2.29955 2.29955 2.29955 2.29955 2.29955 2.29955 2.29955 2.29955 2.29955 2.29955 2.29955 -9999 2.29955 2.29955 2.29955 0 -9999 -9999 -9999 -9999 -9999 -9999 -9999 -9999 -9999 -9999 -9999 -9999 -9999 -9999 -9999 -9999 -9999
-9999 -9999 -9999 -9999 -9999 -9999 -9999 -9999 -9999 -9999 -9999 -9999 -9999 -9999 -9999 -9999 -9999 -9999 -9999 -9999 -9999 -9999 -9999 -9999 -9999 -9999 2.29956 2.29956 2.29956 2.29956 2.29956 2.29956 5.58145 5.58145 5.58145 3.71275 3.71275 3.71275 2.29956 2.29956 2.29956 2.29956 2.29956 2.29956 2.29956 2.29956 2.29956 2.29956 2.29956 2.29956 2.29956 2.29956 2.29956 2.29956 2.29956 2.29956 2.29956 2.29956 2.29956 2.29956 2.29956 -9999 2.27748 2.27748 2.27748 0 -9999 -9999 -9999 -9999 -9999 -9999 -9999 -9999 -9999 -9999 -9999 -9999 -9999 -9999 -9999 -9999 -9999
-9999 -9999 -9999 -9999 -9999 -9999 -9999 0 0 -9999 -9999 -9999 -9999 -9999 -9999 -9999 -9999 -9999 -9999 -9999 -9999 -9999 -9999 -9999 -9999 -9999 -9999 2.29956 2.29956 2.29956 2.29956 2.29956 5.58145 5.58145 5.58145 3.71275 3.71275 3.71275 2.29956 2.29956 2.29956 2.29956 2.29956 2.29956 2.29956 2.29956 2.29956 2.29956 2.29956 2.29956 2.29956 2.29956 2.29956 2.29956 2.29956 2.29956 2.29956 2.29956 2.29956 2.29956 2.29956 -9999 2.27748 2.27748 2.27748 0 -9999 -9999 -9999 -9999 -9999 -9999 -9999 -9999 -9999 -9999 -9999 -9999 -9999 -9999 -9999 -9999 -9999
-9999 -9999 -9999 -9999 -9999 -9999 -9999 0 0 -9999 -9999 -9999 -9999 -9999 -9999 -9999 -9999 -9999 -9999 -9999 -9999 -9999 -9999 -9999 -9999 -9999 2.21123 2.21123 2.21123 2.29955 2.29955 2.29955 2.29955 2.29955 2.29955 2.29955 2.29955 2.29955 2.29955 2.29955 2.29955 2.29955 2.29955 2.29955 2.29955 2.29955 2.29955 2.29955 2.29955 2.29955 2.29955 2.29955 2.29955 2.29955 2.29955 2.29955 2.29955 2.29955 2.29955 2.29955 2.29955 -9999 2.29955 2.29955 2.29955 1.40547 -9999 -9999 -9999 -9999 -9999 -9999 -9999 -9999 -9999 -9999 -9999 -9999 -9999 -9999 -9999 -9999 -9999
-9999 -9999 -9999 -9999 -9999 0 -9999 -9999 0 0 -9999 -9999 -9999 -9999 -9999 -9999 -9999 -9999 -9999 -9999 -9999 -9999 -9999 -9999 -9999 -9999 -9999 2.21123 2.21123 2.29955 2.29955 2.29955 2.29955 2.29955 2.29955 2.29955 2.29955 2.29955 2.29955 2.29955 2.29955 2.29955 2.29955 2.29955 2.29955 2.29955 2.29955 2.29955 2.29955 2.29955 2.29955 2.29955 2.29955 2.29955 2.29955 2.29955 2.29955 2.29955 2.29955 2.29955 2.29955 -9999 2.29955 2.29955 2.29955 1.40547 1.40547 -9999 -9999 -9999 -9999 -9999 -9999 -9999 -9999 -9999 -9999 -9999 -9999 -9999 -9999 -9999 -9999
-9999 -9999 -9999 -9999 0 0 0 0 0 0 -9999 -9999 -9999 -9999 -9999 -9999 -9999 -9999 -9999 -9999 -9999 -9999 -9999 -9999 -9999 -9999 2.21123 2.21123 2.21123 2.29955 2.29955 2.29955 2.29955 2.29955 2.29955 2.29955 2.29955 2.29955 2.29955 2.29955 2.29955 2.29955 2.29955 2.29955 2.29955 2.29955 2.29955 2.29955 2.29955 2.29955 2.29955 2.29955 2.29955 2.29955 2.29955 2.29955 2.29955 2.29955 2.29955 2.29955 2.29955 -9999 2.29955 2.29955 2.29955 1.40547 1.40547 0 -9999 -9999 -9999 -9999 -9999 -9999 -9999 -9999 -9999 -9999 -9999 -9999 -9999 -9999 -9999
-9999 -9999 -9999 -9999 -9999 0 0 0 0 0 0 -9999 -9999 -9999 -9999 0 -9999 -9999 -9999 -9999 -9999 -9999 -9999 -9999 -9999 -9999 2.29954 2.29954 2.29954 2.29954 2.29954 2.29954 2.29954 2.29954 2.29954 2.29954 2.29954 2.29954 2.29954 2.29954 2.29954 2.29954 2.29954 2.29954 2.29954 2.29954 2.29954 2.29954 2.29954 2.29954 2.29954 2.29954 2.29954 2.29954 2.29954 2.29954 2.29954 2.29954 2.29954 2.29954 2.29954 -9999 2.29954 2.29954 2.29954 2.10084 2.10084 -9999 -9999 -9999 -9999 -9999 -9999 -9999 -9999 -9999 -9999 -9999 -9999 -9999 -9999 -9999 -9999
-9999 -9999 -9999 -9999 -9999 0 0 0 0 0 -9999 -9999 -9999 -9999 -9999 0 -9999 -9999 -9999 -9999 -9999 -9999 -9999 -9999 -9999 -9999 2.29954 2.29954 2.29954 2.29954 2.29954 2.29954 2.29954 2.29954 2.29954 2.29954 2.29954 2.29954 2.29954 2.29954 2.29954 2.29954 2.29954 2.29954 2.29954 2.29954 2.29954 2.29954 2.29954 2.29954 2.29954 2.29954 2.29954 2.29954 2.29954 2.29954 2.29954 2.29954 2.29954 2.29954 2.29954 -9999 2.29954 2.29954 2.29954 2.10084 2.10084 0 0 -9999 -9999 -9999 -9999 -9999 -9999 -9999 -9999 -9999 -9999 -9999 -9999 -9999 -9999
-9999 -9999 -9999 -9999 -9999 0 0 0 0 0 0 -9999 -9999 -9999 -9999 0 -9999 -9999 -9999 -9999 -9999 -9999 -9999 -9999 -9999 0 2.29954 2.29954 2.29954 2.29954 2.29954 2.29954 2.29954 2.29954 2.29954 2.29954 2.29954 2.29954 2.29954 2.29954 2.29954 2.29954 2.29954 2.29954 2.29954 2.29954 2.29954 2.29954 2.29954 2.29954 2.29954 2.29954 2.29954 2.29954 2.29954 2.29954 2.29954 2.29954 2.29954 2.29954 2.29954 -9999 2.29954 2.29954 2.29954 2.10084 2.10084 0 0 -9999 -9999 -9999 -9999 -9999 -9999 -9999 -9999 -9999 -9999 -9999 -9999 -9999 -9999
-9999 -9999 -9999 -9999 -9999 -9999 -9999 -9999 -9999 0 -9999 -9999 -9999 -9999 -9999 1.0265 1.0265 -9999 -9999 -9999 -9999 -9999 -9999 -9999 2.29955 2.29955 2.29955 2.29955 2.29955 2.29955 2.29955 2.29955 2.29955 2.29955 2.29955 2.29955 2.29955 2.29955 2.29955 2.29955 2.29955 2.29955 2.29955 2.29955 2.29955 2.29955 2.29955 2.29955 2.29955 2.29955 2.29955 2.29955 2.29955 2.29955 2.29955 2.29955 2.29955 2.29955 2.29955 2.29955 2.29955 -9999 2.29955 2.29955 2.29955 2.29955 2.29955 0 0 -9999 -9999 -9999 -9999 -9999 -9999 -9999 -9999 -9999 -9999 -9999 -9999 -9999 -9999
-9999 -9999 -9999 -9999 -9999 -9999 -9999 -9999 -9999 -9999 0 -9999 -9999 -9999 -9999 -9999 1.0265 1.0265 -9999 -9999 -9999 1.77702 1.77702 1.77702 2.29955 2.29955 2.29955 2.29955 2.29955 2.29955 2.29955 2.29955 2.29955 2.29955 2.29955 2.29955 2.29955 2.29955 2.29955 2.29955 2.29955 2.29955 2.29955 2.29955 2.29955 2.29955 2.29955 2.29955 2.29955 2.29955 2.29955 2.29955 2.29955 2.29955 2.29955 2.29955 2.29955 2.29955 2.29955 2.29955 2.29955 -9999 2.29955 2.29955 2.29955 2.29955 2.29955 0 0 -9999 -9999 -9999 -9999 -9999 -9999 -9999 -9999 -9999 -9999 -9999 -9999 -9999 -9999
-9999 -9999 -9999 -9999 -9999 -9999 -9999 -9999 -9999 -9999 0 0 -9999 -9999 -9999 -9999 1.0265 1.0265 0.982271 0.982271 0.982271 1.77702 1.77702 1.77702 2.29955 2.29955 2.29955 2.29955 2.29955 2.29955 2.29955 2.29955 2.29955 2.29955 2.29955 2.29955 2.29955 2.29955 2.29955 2.29955 2.29955 2.29955 2.29955 2.29955 2.29955 2.29955 2.29955 2.29955 2.29955 2.29955 2.29955 2.29955 2.29955 2.29955 2.29955 2.29955 2.29955 2.29955 2.29955 2.29955 2.29955 -9999 2.29955 2.29955 2.29955 2.29955 2.29955 0 0 -9999 -9999 -9999 -9999 -9999 -9999 -9999 -9999 -9999 -9999 -9999 -9999 -9999 -9999
-9999 -9999 -9999 -9999 -9999 -9999 -9999 -9999 -9999 -9999 -9999 -9999 -9999 -9999 -9999 -9999 1.70344 1.70344 2.29955 2.29955 2.29955 2.29955 2.29955 2.29955 2.29955 2.29955 2.29955 2.29955 2.29955 2.29955 2.29955 2.29955 2.29955 2.29955 2.29955 2.29955 2.29955 2.29955 2.29955 2.29955 2.29955 2.29955 2.29955 2.29955 2.29955 2.29955 2.29955 2.29955 2.29955 2.29955 2.29955 2.29955 2.29955 2.29955 2.29955 2.29955 2.29955 2.29955 2.29955 2.29955 2.29955 -9999 2.29955 2.29955 2.29955 2.29955 2.29955 1.22516 1.22516 -9999 -9999 -9999 -9999 -9999 -9999 -9999 -9999 -9999 -9999 -9999 -9999 -9999 -9999
0 -9999 -9999 -9999 -9999 -9999 -9999 -9999 -9999 -9999 -9999 -9999 -9999 -9999 -9999 1.70344 -9999 1.70344 2.29955 2.29955 2.29955 2.29955 2.29955 2.29955 2.29955 2.29955 2.29955 2.29955 2.29955 2.29955 2.29955 2.29955 2.29955 2.29955 2.29955 2.29955 2.29955 2.29955 2.29955 2.29955 2.29955 2.29955 2.29955 2.29955 2.29955 2.29955 2.29955 2.29955 2.29955 2.29955 2.29955 2.29955 2.29955 2.29955 2.29955 2.29955 2.29955 2.29955 2.29955 2.29955 2.29955 -9999 2.29955 2.29955 2.29955 2.29955 2.29955 1.22516 1.22516 1.22516 -9999 -9999 -9999 -9999 -9999 -9999 -9999 -9999 -9999 -9999 -9999 -9999 -9999
-9999 -9999 -9999 -9999 -9999 -9999 -9999 -9999 -9999 -9999 0 0 1.29501 1.29501 1.29501 1.70344 1.70344 1.70344 2.29955 2.29955 2.29955 2.29955 2.29955 2.29955 2.29955 2.29955 2.29955 2.29955 2.29955 2.29955 2.29955 2.29955 2.29955 2.29955 2.29955 2.29955 2.29955 2.29955 2.29955 2.29955 2.29955 2.29955 2.29955 2.29955 2.29955 2.29955 2.29955 2.29955 2.29955 2.29955 2.29955 2.29955 2.29955 2.29955 2.29955 2.29955 2.29955 2.29955 2.29955 2.29955 2.29955 -9999 2.29955 2.29955 2.29955 2.29955 2.29955 1.22516 1.22516 1.22516 -9999 -9999 -9999 -9999 -9999 -9999 -9999 -9999 -9999 -9999 -9999 -9999 -9999
2.20388 1.2509 1.2509 -9999 -9999 -9999 -9999 -9999 -9999 -9999 -9999 0 2.29955 2.29955 2.29955 2.29955 2.29955 2.29955 3.37124 3.37124 3.37124 6.92165 6.92165 6.92165 2.29955 2.29955 2.29955 2.29955 2.29955 2.29955 2.29955 2.29955 2.29955 2.29955 2.29955 2.29955 2.29955 2.29955 2.29955 2.29955 2.29955 2.29955 2.29955 2.29955 2.29955 2.29955 2.29955 2.29955 2.29955 2.29955 2.29955 2.29955 2.29955 2.29955 2.29955 2.29955 2.29955 2.29955 2.29955 2.29955 2.29955 -9999 2.29955 2.29955 2.29955 2.29955 2.29955 2.03829 2.03829 2.03829 -9999 -9999 -9999 -9999 -9999 -9999 -9999 -9999 -9999 -9999 -9999 -9999 -9999
2.20388 1.2509 1.2509 1.2509 -9999 -9999 -9999 -9999 -9999 -9999 0 0 2.29955 2.29955 2.29955 2.29955 2.29955 2.29955 3.37124 3.37124 3.37124 6.92165 6.92165 6.92165 2.29955 2.29955 2.29955 2.29955 2.29955 2.29955 2.29955 2.29955 2.29955 2.29955 2.29955 2.29955 2.29955 2.29955 2.29955 2.29955 2.29955 2.29955 2.29955 2.29955 2.29955 2.29955 2.29955 2.29955 2.29955 2.29955 2.29955 2.29955 2.29955 2.29955 2.29955 2.29955 2.29955 2.29955 2.29955 2.29955 2.29955 -9999 2.29955 2.29955 2.29955 2.29955 2.29955 2.03829 2.03829 2.03829 0 -9999 -9999 -9999 -9999 -9999 -9999 -9999 -9999 -9999 -9999 -9999 -9999
2.20388 1.2509 1.2509 1.2509 -9999 -9999 -9999 -9999 -9999 -9999 0 0 2.29955 2.29955 2.29955 2.29955 2.29955 2.29955 3.37124 3.37124 3.37124 6.92165 6.92165 6.92165 2.29955 2.29955 2.29955 2.29955 2.29955 2.29955 2.29955 2.29955 2.29955 2.29955 2.29955 2.29955 2.29955 2.29955 2.29955 2.29955 2.29955 2.29955 2.29955 2.29955 2.29955 2.29955 2.29955 2.29955 2.29955 2.29955 2.29955 2.29955 2.29955 2.29955 2.29955 2.29955 2.29955 2.29955 2.29955 2.29955 2.29955 -9999 2.29955 2.29955 2.29955 2.29955 2.29955 2.03829 2.03829 2.03829 0 -9999 -9999 -9999 -9999 -9999 -9999 -9999 -9999 -9999 -9999 -9999 -9999
2.29955 2.13766 2.13766 2.13766 -9999 -9999 -9999 -9999 -9999 -9999 1.79548 1.79548 2.29955 2.29955 2.29955 2.29955 2.29955 2.29955 2.29955 2.29955 2.29955 2.29955 2.29955 2.29955 2.29955 2.29955 2.29955 2.29955 2.29955 2.29955 2.29955 2.29955 2.29955 2.29955 2.29955 2.29955 2.29955 2.29955 2.29955 2.29955 2.29955 2.29955 2.29955 2.29955 2.29955 2.29955 2.29955 2.29955 2.29955 2.29955 2.29955 2.29955 2.29955 2.29955 2.29955 2.29955 2.29955 2.29955 2.29955 2.29955 2.29955 -9999 2.29955 2.29955 2.29955 2.29955 2.29955 2.29955 2.29955 2.29955 0 -9999 -9999 -9999 -9999 -9999 -9999 -9999 -9999 -9999 -9999 -9999 -9999
2.29955 2.13766 2.13766 2.13766 -9999 -9999 -9999 -9999 -9999 -9999 1.79548 1.79548 2.29955 2.29955 2.29955 2.29955 2.29955 2.29955 2.29955 2.29955 2.29955 2.29955 2.29955 2.29955 2.29955 2.29955 2.29955 2.29955 2.29955 2.29955 2.29955 2.29955 2.29955 2.29955 2.29955 2.29955 2.29955 2.29955 2.29955 2.29955 2.29955 2.29955 2.29955 2.29955 2.29955 2.29955 2.29955 2.29955 2.29955 2.29955 2.29955 2.29955 2.29955 2.29955 2.29955 2.29955 2.29955 2.29955 2.29955 2.29955 2.29955 -9999 2.29955 2.29955 2.29955 2.29955 2.29955 2.29955 2.29955 2.29955 0 0 -9999 -9999 -9999 -9999 -9999 -9999 -9999 -9999 -9999 -9999 -9999
2.29955 2.27747 2.27747 2.27747 1.16257 -9999 -9999 -9999 -9999 -9999 2.16708 2.16708 2.29955 2.29955 2.29955 2.29955 2.29955 2.29955 2.29955 2.29955 2.29955 2.29955 2.29955 2.29955 2.29955 2.29955 2.29955 2.29955 2.29955 2.29955 2.29955 2.29955 2.29955 2.29955 2.29955 2.29955 2.29955 2.29955 2.29955 2.29955 2.29955 2.29955 2.29955 2.29955 2.29955 2.29955 2.29955 2.29955 2.29955 2.29955 2.29955 2.29955 2.29955 2.29955 2.29955 2.29955 2.29955 2.29955 2.29955 2.29955 2.29955 -9999 2.29955 2.29955 2.29955 2.29955 2.29955 2.29955 2.29955 2.29955 1.46434 1.46434 -9999 -9999 -9999 -9999 -9999 -9999 -9999 -9999 -9999 -9999 -9999
2.29955 2.27747 2.27747 2.27747 1.16257 -9999 -9999 -9999 -9999 -9999 2.16708 2.16708 2.29955 2.29955 2.29955 2.29955 2.29955 2.29955 2.29955 2.29955 2.29955 2.29955 2.29955 2.29955 2.29955 2.29955 2.29955 2.29955 2.29955 2.29955 2.29955 2.29955 2.29955 2.29955 2.29955 2.29955 2.29955 2.29955 2.29955 2.29955 2.29955 2.29955 2.29955 2.29955 2.29955 2.29955 2.29955 2.29955 2.29955 2.29955 2.29955 2.29955 2.29955 2.29955 2.29955 2.29955 2.29955 2.29955 2.29955 2.29955 2.29955 -9999 2.29955 2.29955 2.29955 2.29955 2.29955 2.29955 2.29955 2.29955 1.46434 1.46434 1.46434 -9999 -9999 -9999 -9999 -9999 -9999 -9999 -9999 -9999 -9999
2.29955 2.27747 2.27747 2.27747 1.16257 1.16257 -9999 -9999 -9999 2.16708 2.16708 2.16708 2.29955 2.29955 2.29955 2.29955 2.29955 2.29955 2.29955 2.29955 2.29955 2.29955 2.29955 2.29955 2.29955 2.29955 2.29955 2.29955 2.29955 2.29955 2.29955 2.29955 2.29955 2.29955 2.29955 2.29955 2.29955 2.29955 2.29955 2.29955 2.29955 2.29955 2.29955 2.29955 2.29955 2.29955 2.29955 2.29955 2.29955 2.29955 2.29955 2.29955 2.29955 2.29955 2.29955 2.29955 2.29955 2.29955 2.29955 2.29955 2.29955 -9999 2.29955 2.29955 2.29955 2.29955 2.29955 2.29955 2.29955 2.29955 1.46434 1.46434 1.46434 -9999 -9999 -9999 -9999 -9999 -9999 -9999 -9999 -9999 -9999
2.29955 2.30317 2.30317 2.30317 2.45326 2.45326 2.32397 2.32397 2.32397 2.29955 2.29955 2.29955 2.29955 2.29955 2.29955 2.29955 2.29955 2.29955 2.29955 2.29955 2.29955 2.29955 2.29955 2.29955 2.29955 2.29955 2.29955 2.29955 2.29955 2.29955 2.29955 2.29955 2.29955 2.29955 2.29955 2.29955 2.29955 2.29955 2.29955 2.29955 2.29955 2.29955 2.29955 2.29955 2.29955 2.29955 2.29955 2.29955 2.29955 2.29955 2.29955 2.29955 2.29955 2.29955 2.29955 2.29955 2.29955 2.29955 2.29955 2.29955 2.29955 -9999 2.29955 2.29955 2.29955 2.29955 2.29955 2.29955 2.29955 2.29955 1.56369 1.56369 1.56369 -9999 -9999 -9999 -9999 -9999 -9999 -9999 -9999 -9999 -9999
2.29955 2.30317 2.30317 2.30317 2.45326 2.45326 2.32397 2.32397 2.32397 2.29955 2.29955 2.29955 2.29955 2.29955 2.29955 2.29955 2.29955 2.29955 2.29955 2.29955 2.29955 2.29955 2.29955 2.29955 2.29955 2.29955 2.29955 2.29955 2.29955 2.29955 2.29955 2.29955 2.29955 2.29955 2.29955 2.29955 2.29955 2.29955 2.29955 2.29955 2.29955 2.29955 2.29955 2.29955 2.29955 2.29955 2.29955 2.29955 2.29955 2.29955 2.29955 2.29955 2.29955 2.29955 2.29955 2.29955 2.29955 2.29955 2.29955 2.29955 2.29955 -9999 2.29955 2.29955 2.29955 2.29955 2.29955 2.29955 2.29955 2.29955 1.56369 1.56369 1.56369 -9999 -9999 -9999 -9999 -9999 -9999 -9999 -9999 -9999 -9999
2.29955 2.30317 2.30317 2.30317 2.45326 2.45326 2.32397 2.32397 2.32397 2.29955 2.29955 2.29955 2.29955 2.29955 2.29955 2.29955 2.29955 2.29955 2.29955 2.29955 2.29955 2.29955 2.29955 2.29955 2.29955 2.29955 2.29955 2.29955 2.29955 2.29955 2.29955 2.29955 2.29955 2.29955 2.29955 2.29955 2.29955 2.29955 2.29955 2.29955 2.29955 2.29955 2.29955 2.29955 2.29955 2.29955 2.29955 2.29955 2.29955 2.29955 2.29955 2.29955 2.29955 2.29955 2.29955 2.29955 2.29955 2.29955 2.29955 2.29955 2.29955 -9999 2.29955 2.29955 2.29955 2.29955 2.29955 2.29955 2.29955 2.29955 1.56369 1.56369 1.56369 -9999 -9999 -9999 -9999 -9999 -9999 -9999 -9999 -9999 -9999
1.29751 2.62959 2.62959 2.62959 2.65041 2.65041 2.30769 2.30769 2.30769 2.29955 2.29955 2.29955 2.29955 2.29955 2.29955 2.29955 2.29955 2.29955 2.29955 2.29955 2.29955 2.29955 2.29955 2.29955 2.29955 2.29955 2.29955 2.29955 2.29955 2.29955 2.29955 2.29955 2.29955 2.29955 2.29955 2.29955 2.29955 2.29955 2.29955 2.29955 2.29955 2.29955 2.29955 2.29955 2.29955 2.29955 2.29955 2.29955 2.29955 2.29955 2.29955 2.29955 2.29955 2.29955 2.29955 2.29955 2.29955 2.29955 2.29955 2.29955 2.29955 -9999 2.29955 2.29955 2.29955 2.29955 2.29955 2.29955 2.29955 2.29955 1.56369 1.56369 1.56369 -9999 -9999 -9999 -9999 -9999 -9999 -9999 -9999 -9999 -9999
1.29751 2.62959 2.62959 2.62959 2.65041 2.65041 2.30769 2.30769 2.30769 2.29955 2.29955 2.29955 2.29955 2.29955 2.29955 2.29955 2.29955 2.29955 2.29955 2.29955 2.29955 2.29955 2.29955 2.29955 2.29955 2.29955 2.29955 2.29955 2.29955 2.29955 2.29955 2.29955 2.29955 2.29955 2.29955 2.29955 2.29955 2.29955 2.29955 2.29955 2.29955 2.29955 2.29955 2.29955 2.29955 2.29955 2.29955 2.29955 2.29955 2.29955 2.29955 2.29955 2.29955 2.29955 2.29955 2.29955 2.29955 2.29955 2.29955 2.29955 2.29955 -9999 2.29955 2.29955 2.29955 2.29955 2.29955 2.29955 2.29955 2.29955 1.56369 1.56369 1.56369 -9999 -9999 -9999 -9999 -9999 -9999 -9999 -9999 -9999 -9999
1.29751 2.62959 2.62959 2.62959 2.65041 2.65041 2.30769 2.30769 2.30769 2.29955 2.29955 2.29955 2.29955 2.29955 2.29955 2.29955 2.29955 2.29955 2.29955 2.29955 2.29955 2.29955 2.29955 2.29955 2.29955 2.29955 2.29955 2.29955 2.29955 2.29955 2.29955 2.29955 2.29955 2.29955 2.29955 2.29955 2.29955 2.29955 2.29955 2.29955 2.29955 2.29955 2.29955 2.29955 2.29955 2.29955 2.29955 2.29955 2.29955 2.29955 2.29955 2.29955 2.29955 2.29955 2.29955 2.29955 2.29955 2.29955 2.29955 2.29955 2.29955 -9999 2.29955 2.29955 2.29955 2.29955 2.29955 2.29955 2.29955 2.29955 1.56369 1.56369 1.56369 -9999 -9999 -9999 -9999 -9999 -9999 -9999 -9999 -9999 -9999
0 2.86471 2.86471 2.86471 2.86471 2.86471 2.70736 2.70736 2.70736 2.56628 2.56628 2.56628 2.56357 2.56357 2.56357 2.3104 2.3104 2.3104 2.29955 2.29955 2.29955 2.29955 2.29955 2.29955 2.29955 2.29955 2.29955 2.29955 2.29955 2.29955 2.29955 2.29955 2.29955 2.29955 2.29955 2.29955 2.29955 2.29955 2.29955 2.29955 2.29955 2.29955 2.29955 2.29955 2.29955 2.29955 2.29955 2.29955 2.29955 2.29955 2.29955 2.29955 2.29955 2.29955 2.29955 2.29955 2.29955 2.29955 2.29955 2.29955 2.29955 -9999 2.29955 2.29955 2.29955 2.29955 2.29955 2.29955 2.29955 2.29955 1.88377 1.88377 1.88377 -9999 -9999 -9999 -9999 -9999 -9999 -9999 -9999 -9999 -9999
0 2.86471 2.86471 2.86471 2.86471 2.86471 2.70736 2.70736 2.70736 2.56628 2.56628 2.56628 2.56357 2.56357 2.56357 2.3104 2.3104 2.3104 2.29955 2.29955 2.29955 2.29955 2.29955 2.29955 2.29955 2.29955 2.29955 2.29955 2.29955 2.29955 2.29955 2.29955 2.29955 2.29955 2.29955 2.29955 2.29955 2.29955 2.29955 2.29955 2.29955 2.29955 2.29955 2.29955 2.29955 2.29955 2.29955 2.29955 2.29955 2.29955 2.29955 2.29955 2.29955 2.29955 2.29955 2.29955 2.29955 2.29955 2.29955 2.29955 2.29955 -9999 2.29955 2.29955 2.29955 2.29955 2.29955 2.29955 2.29955 2.29955 1.88377 1.88377 1.88377 -9999 -9999 -9999 -9999 -9999 -9999 -9999 -9999 -9999 -9999
0 2.86471 2.86471 2.86471 2.86471 2.86471 2.70736 2.70736 2.70736 2.56628 2.56628 2.56628 2.56357 2.56357 2.56357 2.3104 2.3104 2.3104 2.29955 2.29955 2.29955 2.29955 2.29955 2.29955 2.29955 2.29955 2.29955 2.29955 2.29955 2.29955 2.29955 2.29955 2.29955 2.29955 2.29955 2.29955 2.29955 2.29955 2.29955 2.29955 2.29955 2.29955 2.29955 2.29955 2.29955 2.29955 2.29955 2.29955 2.29955 2.29955 2.29955 2.29955 2.29955 2.29955 2.29955 2.29955 2.29955 2.29955 2.29955 2.29955 2.29955 -9999 2.29955 2.29955 2.29955 2.29955 2.29955 2.29955 2.29955 2.29955 1.88377 1.88377 1.88377 0 -9999 -9999 -9999 -9999 -9999 -9999 -9999 -9999 -9999
0 2.86472 2.86472 2.86472 2.86472 2.86472 2.86472 2.86472 2.86472 2.86472 2.86472 2.86472 2.86472 2.86472 2.86472 2.64587 2.64587 2.64587 2.31944 2.31944 2.31944 2.29955 2.29955 2.29955 2.29955 2.29955 2.29955 2.29955 2.29955 2.36465 2.36465 2.36465 2.29955 2.29955 2.29955 2.29955 2.29955 2.29955 2.29955 2.29955 2.29955 2.29955 2.29955 2.29955 2.29955 2.29955 2.29955 2.29955 2.29955 2.29955 2.29955 2.29955 2.29955 2.29955 2.29955 2.29955 2.29955 2.29955 2.29955 2.29955 2.29955 -9999 2.29955 2.29955 2.29955 2.29955 2.29955 2.29955 2.29955 2.29955 2.0273 2.0273 2.0273 0 -9999 -9999 -9999 -9999 -9999 -9999 -9999 -9999 -9999
