Madagascar1218CLEAN/DATA/irrigate.txt
ncols         251
nrows         471
xllcorner     43.217484268189
yllcorner     -25.606154098314
cellsize      0.029
NODATA_value  -9999
[rows 111 to 147 of 471, columns 166 to 248 of 251]
2.86472 2.86472 2.86472 2.86472 2.86472 2.86472 2.86472 2.86472 2.86472 2.86472 2.86472 2.86472 2.86472 2.86472 2.86472 2.86472 2.86472 2.86472 2.86472 2.86472 2.86472 2.86472 2.86472 2.86472 2.86472 2.86472 2.86472 2.86472 2.86472 2.86472 2.86472 2.86472 2.86472 2.86472 2.86472 2.86472 2.86472 2.86472 2.86472 2.86472 2.86472 3.04095 3.04095 3.04095 5.55564 5.55564 6.53687 6.53687 6.53687 6.53687 6.53687 6.53687 6.53687 6.53687 6.53687 6.53687 6.53687 6.53687 6.53009 6.53009 6.53009 -9999 3.94687 3.94687 3.94687 3.113 3.113 2.29955 2.29955 2.29955 2.29955 2.29955 2.29955 2.29955 2.29955 2.29955 2.29955 2.29955 2.29955 2.29955 2.29955 2.29955 0.930815
2.86472 2.86472 2.86472 2.86472 2.86472 2.86472 2.86472 2.86472 2.86472 2.86472 2.86472 2.86472 2.86472 2.86472 2.86472 2.86472 2.86472 2.86472 2.86472 2.86472 2.86472 2.86472 2.86472 2.86472 2.86472 2.86472 2.86472 2.86472 2.86472 2.86472 2.86472 2.86472 2.86472 2.86472 2.86472 2.86472 2.86472 2.86472 2.86472 2.86472 2.86472 3.04095 3.04095 3.04095 5.55564 5.55564 6.53687 6.53687 6.53687 6.53687 6.53687 6.53687 6.53687 6.53687 6.53687 6.53687 6.53687 6.53687 6.53009 6.53009 6.53009 -9999 3.94687 3.94687 3.94687 3.113 3.113 2.29955 2.29955 2.29955 2.29955 2.29955 2.29955 2.29955 2.29955 2.29955 2.29955 2.29955 2.29955 2.29955 2.29955 2.29955 0.930815
2.86472 2.86472 2.86472 2.86472 2.86472 2.86472 2.86472 2.86472 2.86472 2.86472 2.86472 2.86472 2.86472 2.86472 2.86472 2.86472 2.86472 2.86472 2.86472 2.86472 2.86472 2.86472 2.86472 2.86472 2.86472 2.86472 2.86472 2.86472 2.86472 2.86472 2.86472 2.86472 2.86472 2.86472 2.86472 2.86472 2.86472 2.86472 2.86472 2.86472 2.86472 3.04095 3.04095 3.04095 5.55564 5.55564 6.53687 6.53687 6.53687 6.53687 6.53687 6.53687 6.53687 6.53687 6.53687 6.53687 6.53687 6.53687 6.53009 6.53009 6.53009 -9999 3.94687 3.94687 3.94687 3.113 3.113 2.29955 2.29955 2.29955 2.29955 2.29955 2.29955 2.29955 2.29955 2.29955 2.29955 2.29955 2.29955 2.29955 2.29955 2.29955 0.930815
2.86472 2.86472 2.86472 2.86472 2.86472 2.86472 2.86472 2.86472 2.86472 2.86472 2.86472 2.86472 2.86472 2.86472 2.86472 2.86472 2.86472 2.86472 2.86472 2.86472 2.86472 2.86472 2.86472 2.86472 2.86472 2.86472 2.86472 2.86472 2.86472 2.86472 2.86472 2.86472 2.88821 2.88821 2.88821 3.48742 3.48742 3.48742 5.07371 5.07371 5.07371 6.06089 6.06089 6.06089 6.53687 6.53687 6.53687 6.53687 6.53687 6.53687 6.53687 6.53687 6.53687 6.53687 6.53687 6.53687 6.53687 6.53687 6.53687 6.53687 6.53687 -9999 6.53687 6.53687 6.53687 6.53687 6.53687 2.48262 2.48262 2.48262 2.29955 2.29955 2.29955 2.29955 2.29955 2.29955 2.29955 2.29955 2.29955 2.29955 2.29955 2.29955 1.54897
2.86472 2.86472 2.86472 2.86472 2.86472 2.86472 2.86472 2.86472 2.86472 2.86472 2.86472 2.86472 2.86472 2.86472 2.86472 2.86472 2.86472 2.86472 2.86472 2.86472 2.86472 2.86472 2.86472 2.86472 2.86472 2.86472 2.86472 2.86472 2.86472 2.86472 2.86472 2.86472 2.88821 2.88821 2.88821 3.48742 3.48742 3.48742 5.07371 5.07371 5.07371 6.06089 6.06089 6.06089 6.53687 6.53687 6.53687 6.53687 6.53687 6.53687 6.53687 6.53687 6.53687 6.53687 6.53687 6.53687 6.53687 6.53687 6.53687 6.53687 6.53687 -9999 6.53687 6.53687 6.53687 6.53687 6.53687 2.48262 2.48262 2.48262 2.29955 2.29955 2.29955 2.29955 2.29955 2.29955 2.29955 2.29955 2.29955 2.29955 2.29955 2.29955 1.54897
2.86472 2.86472 2.86472 2.86472 2.86472 2.86472 2.86472 2.86472 2.86472 2.86472 2.86472 2.86472 2.86472 2.86472 2.86472 2.86472 2.86472 2.86472 2.86472 2.86472 2.86472 2.86472 2.86472 2.86472 2.86472 2.86472 2.86472 2.86472 2.86472 2.86472 2.86472 2.86472 2.88821 2.88821 2.88821 3.48742 3.48742 3.48742 5.07371 5.07371 5.07371 6.06089 6.06089 6.06089 6.53687 6.53687 6.53687 6.53687 6.53687 6.53687 6.53687 6.53687 6.53687 6.53687 6.53687 6.53687 6.53687 6.53687 6.53687 6.53687 6.53687 -9999 6.53687 6.53687 6.53687 6.53687 6.53687 2.48262 2.48262 2.48262 2.29955 2.29955 2.29955 2.29955 2.29955 2.29955 2.29955 2.29955 2.29955 2.29955 2.29955 2.29955 1.54897
2.86472 2.86472 2.86472 2.86472 2.86472 2.86472 2.86472 2.86472 2.86472 2.86472 2.86472 2.86472 2.86472 2.86472 2.86472 2.86472 2.86472 2.86472 2.86472 2.86472 2.86472 2.86472 2.86472 2.86472 2.86472 2.86472 2.86472 2.86472 2.86472 3.18198 3.18198 3.18198 6.29005 6.29005 6.29005 6.53687 6.53687 6.53687 6.53687 6.53687 6.53687 6.53687 6.53687 6.53687 6.53687 6.53687 6.53687 6.53687 6.53687 6.42959 6.42959 6.42959 30.3271 30.3271 30.3271 6.53687 6.53687 6.53687 6.53687 6.53687 6.53687 -9999 6.47413 6.47413 6.47413 6.53687 6.53687 2.93002 2.93002 2.93002 2.29955 2.29955 2.29955 2.29955 2.29955 2.29955 2.29955 2.29955 2.29955 2.29955 2.29955 2.29955 1.38343
2.86472 2.86472 2.86472 2.86472 2.86472 2.86472 2.86472 2.86472 2.86472 2.86472 2.86472 2.86472 2.86472 2.86472 2.86472 2.86472 2.86472 2.86472 2.86472 2.86472 2.86472 2.86472 2.86472 2.86472 2.86472 2.86472 2.86472 2.86472 2.86472 3.18198 3.18198 3.18198 6.29005 6.29005 6.29005 6.53687 6.53687 6.53687 6.53687 6.53687 6.53687 6.53687 6.53687 6.53687 6.53687 6.53687 6.53687 6.53687 6.53687 6.42959 6.42959 6.42959 30.3271 30.3271 30.3271 6.53687 6.53687 6.53687 6.53687 6.53687 6.53687 -9999 6.47413 6.47413 6.47413 6.53687 6.53687 2.93002 2.93002 2.93002 2.29955 2.29955 2.29955 2.29955 2.29955 2.29955 2.29955 2.29955 2.29955 2.29955 2.29955 2.29955 1.38343
2.86472 2.86472 2.86472 2.86472 2.86472 2.86472 2.86472 2.86472 2.86472 2.86472 2.86472 2.86472 2.86472 2.86472 2.86472 2.86472 2.86472 2.86472 2.86472 2.86472 2.86472 2.86472 2.86472 2.86472 2.86472 2.86472 2.86472 2.86472 2.86472 3.18198 3.18198 3.18198 6.29005 6.29005 6.29005 6.53687 6.53687 6.53687 6.53687 6.53687 6.53687 6.53687 6.53687 6.53687 6.53687 6.53687 6.53687 6.53687 6.53687 6.42959 6.42959 6.42959 30.3271 30.3271 30.3271 6.53687 6.53687 6.53687 6.53687 6.53687 6.53687 -9999 6.47413 6.47413 6.47413 6.53687 6.53687 2.93002 2.93002 2.93002 2.29955 2.29955 2.29955 2.29955 2.29955 2.29955 2.29955 2.29955 2.29955 2.29955 2.29955 2.29955 1.38343
2.86472 2.86472 2.86472 2.86472 2.86472 2.86472 2.86472 2.86472 2.86472 2.86472 2.86472 2.86472 2.86472 2.86472 2.86472 2.86472 2.86472 2.86472 2.86472 2.86472 2.86472 2.86472 2.86472 2.86472 2.86472 2.86472 2.86472 2.86472 2.86472 3.02337 3.02337 3.02337 4.66866 4.66866 4.66866 6.23724 6.23724 6.23724 6.53687 6.53687 6.53687 6.53687 6.53687 6.53687 6.53687 6.53687 6.53687 6.53687 6.53687 6.48322 6.48322 6.48322 14.6781 14.6781 14.6781 0 0 0 0 0 0 -9999 0 -9999 -9999 6.53687 6.53687 2.95043 2.95043 2.95043 2.29955 2.29955 2.29955 2.29955 2.29955 2.29955 2.29955 2.29955 2.29955 2.29955 2.29955 2.29955 0.886724
2.86472 2.86472 2.86472 2.86472 2.86472 2.86472 2.86472 2.86472 2.86472 2.86472 2.86472 2.86472 2.86472 2.86472 2.86472 2.86472 2.86472 2.86472 2.86472 2.86472 2.86472 2.86472 2.86472 2.86472 2.86472 2.86472 2.86472 2.86472 2.86472 3.02337 3.02337 3.02337 4.66866 4.66866 4.66866 6.23724 6.23724 6.23724 6.53687 6.53687 6.53687 6.53687 6.53687 6.53687 6.53687 6.53687 6.53687 6.53687 6.53687 6.48322 6.48322 6.48322 14.6781 14.6781 14.6781 0 0 -9999 -9999 -9999 -9999 -9999 -9999 -9999 -9999 6.53687 6.53687 2.95043 2.95043 2.95043 2.29955 2.29955 2.29955 2.29955 2.29955 2.29955 2.29955 2.29955 2.29955 2.29955 2.29955 2.29955 0.886724
2.86472 2.86472 2.86472 2.86472 2.86472 2.86472 2.86472 2.86472 2.86472 2.86472 2.86472 2.86472 2.86472 2.86472 2.86472 2.86472 2.86472 2.86472 2.86472 2.86472 2.86472 2.86472 2.86472 2.86472 2.86472 2.86472 2.86472 2.86472 2.86472 2.86472 2.86472 2.86472 3.17025 3.17025 3.17025 6.53687 6.53687 6.53687 6.53687 6.53687 6.53687 6.53687 6.53687 6.53687 6.53687 6.53687 6.53687 6.53687 6.53687 6.53687 6.53687 6.53687 3.53522 3.53522 3.53522 0 -9999 -9999 -9999 0 -9999 -9999 -9999 -9999 -9999 6.49504 6.49504 2.66567 2.66567 2.66567 2.29955 2.29955 2.29955 2.29955 2.29955 2.29955 2.29955 2.29955 2.29955 2.24805 2.24805 2.24805 0
2.86472 2.86472 2.86472 2.86472 2.86472 2.86472 2.86472 2.86472 2.86472 2.86472 2.86472 2.86472 2.86472 2.86472 2.86472 2.86472 2.86472 2.86472 2.86472 2.86472 2.86472 2.86472 2.86472 2.86472 2.86472 2.86472 2.86472 2.86472 2.86472 2.86472 2.86472 2.86472 3.17025 3.17025 3.17025 6.53687 6.53687 6.53687 6.53687 6.53687 6.53687 6.53687 6.53687 6.53687 6.53687 6.53687 6.53687 6.53687 6.53687 6.53687 6.53687 6.53687 3.53522 3.53522 3.53522 -9999 -9999 -9999 -9999 -9999 -9999 -9999 -9999 -9999 -9999 6.49504 6.49504 2.66567 2.66567 2.66567 2.29955 2.29955 2.29955 2.29955 2.29955 2.29955 2.29955 2.29955 2.29955 2.24805 2.24805 2.24805 0
2.86472 2.86472 2.86472 2.86472 2.86472 2.86472 2.86472 2.86472 2.86472 2.86472 2.86472 2.86472 2.86472 2.86472 2.86472 2.86472 2.86472 2.86472 2.86472 2.86472 2.86472 2.86472 2.86472 2.86472 2.86472 2.86472 2.86472 2.86472 2.86472 2.86472 2.86472 2.86472 3.17025 3.17025 3.17025 6.53687 6.53687 6.53687 6.53687 6.53687 6.53687 6.53687 6.53687 6.53687 6.53687 6.53687 6.53687 6.53687 6.53687 6.53687 6.53687 6.53687 3.53522 3.53522 -9999 -9999 -9999 -9999 -9999 -9999 -9999 -9999 -9999 -9999 -9999 6.49504 6.49504 2.66567 2.66567 2.66567 2.29955 2.29955 2.29955 2.29955 2.29955 2.29955 2.29955 2.29955 2.29955 2.24805 2.24805 2.24805 0
2.86472 2.86472 2.86472 2.86472 2.86472 2.86472 2.86472 2.86472 2.86472 2.86472 2.86472 2.86472 2.86472 2.86472 2.86472 2.86472 2.86472 2.86472 2.86472 2.86472 2.86472 2.86472 2.86472 2.86472 2.86472 2.86472 2.86472 2.86472 2.86472 2.86472 2.86472 2.86472 3.29359 3.29359 3.29359 6.53687 6.53687 6.53687 6.53687 6.53687 6.53687 6.53687 6.53687 6.53687 6.53687 6.53687 6.53687 6.53687 6.53687 6.53687 6.53687 6.53687 4.13125 4.13125 -9999 -9999 -9999 -9999 -9999 -9999 -9999 -9999 -9999 -9999 -9999 3.60789 3.60789 2.29955 2.29955 2.29955 2.29955 2.29955 2.29955 2.29955 2.29955 2.29955 2.29955 2.29955 2.29955 1.38713 1.38713 1.38713 0
2.86472 2.86472 2.86472 2.86472 2.86472 2.86472 2.86472 2.86472 2.86472 2.86472 2.86472 2.86472 2.86472 2.86472 2.86472 2.86472 2.86472 2.86472 2.86472 2.86472 2.86472 2.86472 2.86472 2.86472 2.86472 2.86472 2.86472 2.86472 2.86472 2.86472 2.86472 2.86472 3.29359 3.29359 3.29359 6.53687 6.53687 6.53687 6.53687 6.53687 6.53687 6.53687 6.53687 6.53687 6.53687 6.53687 6.53687 6.53687 6.53687 6.53687 6.53687 6.53687 4.13125 4.13125 4.13125 -9999 -9999 -9999 -9999 -9999 -9999 -9999 -9999 -9999 -9999 -9999 3.60789 2.29955 2.29955 2.29955 2.29955 2.29955 2.29955 2.29955 2.29955 2.29955 2.29955 2.29955 2.29955 1.38713 1.38713 1.38713 -9999
2.86472 2.86472 2.86472 2.86472 2.86472 2.86472 2.86472 2.86472 2.86472 2.86472 2.86472 2.86472 2.86472 2.86472 2.86472 2.86472 2.86472 2.86472 2.86472 2.86472 2.86472 2.86472 2.86472 2.86472 2.86472 2.86472 2.86472 2.86472 2.86472 2.86472 2.86472 2.86472 3.29359 3.29359 3.29359 6.53687 6.53687 6.53687 6.53687 6.53687 6.53687 6.53687 6.53687 6.53687 6.53687 6.53687 6.53687 6.53687 6.53687 6.53687 6.53687 6.53687 4.13125 4.13125 4.13125 -9999 -9999 -9999 -9999 -9999 -9999 -9999 -9999 -9999 -9999 -9999 -9999 2.29955 2.29955 2.29955 2.29955 2.29955 2.29955 2.29955 2.29955 2.29955 2.29955 2.29955 2.29955 1.38713 1.38713 1.38713 -9999
2.86472 2.86472 2.86472 2.86472 2.86472 2.86472 2.86472 2.86472 2.86472 2.86472 2.86472 2.86472 2.86472 2.86472 2.86472 2.86472 2.86472 2.86472 2.86472 2.86472 2.86472 2.86472 2.86472 2.86472 2.86472 2.86472 2.86472 2.86472 2.86472 2.86472 2.86472 2.86472 4.26308 4.26308 4.26308 6.53687 6.53687 6.53687 6.53687 6.53687 6.53687 6.53687 6.53687 6.53687 6.53687 6.53687 6.53687 6.53687 6.53687 6.53687 6.53687 6.53687 5.10392 5.10392 5.10392 -9999 -9999 -9999 -9999 -9999 -9999 -9999 -9999 -9999 -9999 -9999 -9999 3.51981 3.51981 3.51981 2.29955 2.29955 2.29955 2.29955 2.29955 2.29955 2.29955 2.29955 2.29955 0 0 -9999 -9999
2.86472 2.86472 2.86472 2.86472 2.86472 2.86472 2.86472 2.86472 2.86472 2.86472 2.86472 2.86472 2.86472 2.86472 2.86472 2.86472 2.86472 2.86472 2.86472 2.86472 2.86472 2.86472 2.86472 2.86472 2.86472 2.86472 2.86472 2.86472 2.86472 2.86472 2.86472 2.86472 4.26308 4.26308 4.26308 6.53687 6.53687 6.53687 6.53687 6.53687 6.53687 6.53687 6.53687 6.53687 6.53687 6.53687 6.53687 6.53687 6.53687 6.53687 6.53687 6.53687 5.10392 5.10392 5.10392 -9999 -9999 -9999 -9999 -9999 -9999 -9999 -9999 -9999 -9999 -9999 -9999 3.51981 3.51981 3.51981 2.29955 2.29955 2.29955 2.29955 2.29955 2.29955 2.29955 2.29955 2.29955 0 0 -9999 -9999
2.86472 2.86472 2.86472 2.86472 2.86472 2.86472 2.86472 2.86472 2.86472 2.86472 2.86472 2.86472 2.86472 2.86472 2.86472 2.86472 2.86472 2.86472 2.86472 2.86472 2.86472 2.86472 2.86472 2.86472 2.86472 2.86472 2.86472 2.86472 2.86472 2.86472 2.86472 2.86472 4.26308 4.26308 4.26308 6.53687 6.53687 6.53687 6.53687 6.53687 6.53687 6.53687 6.53687 6.53687 6.53687 6.53687 6.53687 6.53687 6.53687 6.53687 6.53687 6.53687 5.10392 5.10392 5.10392 0 -9999 -9999 -9999 -9999 -9999 -9999 -9999 -9999 -9999 -9999 -9999 3.51981 3.51981 3.51981 2.29955 2.29955 2.29955 2.29955 2.29955 2.29955 2.29955 2.29955 2.29955 0 -9999 -9999 -9999
2.86471 2.86471 2.86471 2.86471 2.86471 2.86471 2.86471 2.86471 2.86471 2.86471 2.86471 2.86471 2.86471 2.86471 2.86471 2.86471 2.86471 2.86471 2.86471 2.86471 2.86471 2.86471 2.86471 2.86471 17.0775 17.0775 8.55931 8.55931 8.55931 2.86471 2.86471 2.86471 3.48754 3.48754 3.48754 6.53686 6.53686 6.53686 6.53686 6.53686 6.53686 6.53686 6.53686 6.53686 6.53686 6.53686 6.53686 6.53686 6.53686 6.53686 6.53686 6.53686 6.41133 6.41133 6.41133 0 -9999 -9999 -9999 -9999 -9999 -9999 -9999 -9999 -9999 -9999 -9999 0 0 0 2.29955 2.29955 2.29955 2.29955 2.29955 2.29955 1.98683 1.98683 1.98683 0 -9999 -9999 -9999
2.86471 2.86471 2.86471 2.86471 2.86471 2.86471 2.86471 2.86471 2.86471 2.86471 2.86471 2.86471 2.86471 2.86471 2.86471 2.86471 2.86471 2.86471 2.86471 2.86471 2.86471 2.86471 2.86471 2.86471 17.0775 17.0775 8.55931 8.55931 8.55931 2.86471 2.86471 2.86471 3.48754 3.48754 3.48754 6.53686 6.53686 6.53686 6.53686 6.53686 6.53686 6.53686 6.53686 6.53686 6.53686 6.53686 6.53686 6.53686 6.53686 6.53686 6.53686 6.53686 6.41133 6.41133 6.41133 0 -9999 -9999 -9999 -9999 -9999 -9999 -9999 -9999 -9999 -9999 -9999 -9999 -9999 0 2.29955 2.29955 2.29955 2.29955 2.29955 2.29955 1.98683 1.98683 1.98683 -9999 -9999 -9999 -9999
2.86471 2.86471 2.86471 2.86471 2.86471 2.86471 2.86471 2.86471 2.86471 2.86471 2.86471 2.86471 2.86471 2.86471 2.86471 2.86471 2.86471 2.86471 2.86471 2.86471 2.86471 2.86471 2.86471 2.86471 17.0775 17.0775 8.55931 8.55931 8.55931 2.86471 2.86471 2.86471 3.48754 3.48754 3.48754 6.53686 6.53686 6.53686 6.53686 6.53686 6.53686 6.53686 6.53686 6.53686 6.53686 6.53686 6.53686 6.53686 6.53686 6.53686 6.53686 6.53686 6.41133 6.41133 6.41133 0 0 -9999 -9999 -9999 -9999 -9999 -9999 -9999 -9999 -9999 -9999 -9999 -9999 0 2.29955 2.29955 2.29955 2.29955 2.29955 2.29955 1.98683 1.98683 1.98683 -9999 -9999 -9999 -9999
2.86472 2.24144 2.24144 2.24144 1.05435 1.05435 1.61813 1.61813 1.61813 2.33311 2.33311 2.33311 2.82805 2.82805 2.82805 2.86472 2.86472 2.86472 2.86472 2.86472 2.86472 2.86472 2.86472 2.86472 2.86472 2.86472 2.86472 2.86472 2.86472 2.86472 2.86472 2.86472 2.91173 2.91173 2.91173 5.87889 5.87889 5.87889 6.53687 6.53687 6.53687 6.53687 6.53687 6.53687 6.53687 6.53687 6.53687 6.53687 6.53687 6.53687 6.53687 6.53687 6.53687 6.53687 6.53687 1.67341 1.67341 -9999 -9999 -9999 -9999 -9999 -9999 -9999 -9999 -9999 -9999 -9999 -9999 0 2.29955 2.29955 2.29955 2.27748 2.27748 2.27748 0 0 0 -9999 -9999 -9999 -9999
2.86472 2.24144 2.24144 2.24144 1.05435 1.05435 1.61813 1.61813 1.61813 2.33311 2.33311 2.33311 2.82805 2.82805 2.82805 2.86472 2.86472 2.86472 2.86472 2.86472 2.86472 2.86472 2.86472 2.86472 2.86472 2.86472 2.86472 2.86472 2.86472 2.86472 2.86472 2.86472 2.91173 2.91173 2.91173 5.87889 5.87889 5.87889 6.53687 6.53687 6.53687 6.53687 6.53687 6.53687 6.53687 6.53687 6.53687 6.53687 6.53687 6.53687 6.53687 6.53687 6.53687 6.53687 6.53687 1.67341 1.67341 -9999 -9999 -9999 -9999 -9999 -9999 -9999 -9999 -9999 -9999 -9999 -9999 0 2.29955 2.29955 2.29955 2.27748 2.27748 2.27748 0 0 -9999 -9999 -9999 -9999 -9999
2.86472 2.24144 2.24144 2.24144 1.05435 1.05435 1.61813 1.61813 1.61813 2.33311 2.33311 2.33311 2.82805 2.82805 2.82805 2.86472 2.86472 2.86472 2.86472 2.86472 2.86472 2.86472 2.86472 2.86472 2.86472 2.86472 2.86472 2.86472 2.86472 2.86472 2.86472 2.86472 2.91173 2.91173 2.91173 5.87889 5.87889 5.87889 6.53687 6.53687 6.53687 6.53687 6.53687 6.53687 6.53687 6.53687 6.53687 6.53687 6.53687 6.53687 6.53687 6.53687 6.53687 6.53687 6.53687 1.67341 1.67341 1.67341 -9999 -9999 -9999 -9999 -9999 -9999 -9999 -9999 -9999 -9999 -9999 -9999 2.29955 2.29955 2.29955 2.27748 2.27748 2.27748 0 -9999 -9999 -9999 -9999 -9999 -9999
1.44853 0.0504286 0.0504286 0.0504286 0 0 0 0 0 0 0 0 0.220052 0.220052 0.220052 0.898502 0.898502 0.898502 1.5723 1.5723 1.5723 2.24604 2.24604 2.24604 2.82347 2.82347 2.86472 2.86472 2.86472 2.86472 2.86472 2.86472 2.86472 2.86472 2.86472 3.05276 3.05276 3.05276 5.58514 5.58514 5.58514 6.53687 6.53687 6.53687 6.53687 6.53687 6.53687 6.53687 6.53687 6.53687 6.53687 6.53687 6.53687 6.53687 6.53687 0 0 0 -9999 -9999 -9999 -9999 -9999 -9999 -9999 -9999 -9999 -9999 -9999 -9999 -9999 0 0 1.5049 1.5049 1.5049 0 -9999 -9999 -9999 -9999 -9999 -9999
1.44853 0.0504286 0.0504286 0.0504286 0 0 0 0 0 0 0 0 0.220052 0.220052 0.220052 0.898502 0.898502 0.898502 1.5723 1.5723 1.5723 2.24604 2.24604 2.24604 2.82347 2.82347 2.86472 2.86472 2.86472 2.86472 2.86472 2.86472 2.86472 2.86472 2.86472 3.05276 3.05276 3.05276 5.58514 5.58514 5.58514 6.53687 6.53687 6.53687 6.53687 6.53687 6.53687 6.53687 6.53687 6.53687 6.53687 6.53687 6.53687 6.53687 6.53687 0 0 -9999 -9999 -9999 -9999 -9999 -9999 -9999 -9999 -9999 -9999 -9999 -9999 -9999 -9999 -9999 -9999 1.5049 1.5049 1.5049 -9999 -9999 -9999 -9999 -9999 -9999 -9999
1.44853 0.0504286 0.0504286 0.0504286 0 0 0 0 0 0 0 0 0.220052 0.220052 0.220052 0.898502 0.898502 0.898502 1.5723 1.5723 1.5723 2.24604 2.24604 2.24604 2.82347 2.82347 2.86472 2.86472 2.86472 2.86472 2.86472 2.86472 2.86472 2.86472 2.86472 3.05276 3.05276 3.05276 5.58514 5.58514 5.58514 6.53687 6.53687 6.53687 6.53687 6.53687 6.53687 6.53687 6.53687 6.53687 6.53687 6.53687 6.53687 6.53687 6.53687 0 0 -9999 -9999 -9999 -9999 -9999 -9999 -9999 -9999 -9999 -9999 -9999 -9999 -9999 -9999 -9999 -9999 -9999 -9999 1.5049 -9999 -9999 -9999 -9999 -9999 -9999 -9999
0 0 0 0 0 0 0 0 0 0 0 0 0 0 0 0 0 0 0 0 0 0 0 0 0.137531 0.137531 0.577619 0.577619 0.577619 0.976426 0.976426 0.976426 1.25145 1.25145 1.25145 1.37521 1.37521 1.37521 2.4329 2.4329 2.4329 3.26353 3.26353 3.26353 3.92244 3.92244 3.92244 3.92244 3.92244 3.92244 3.92244 3.92244 4.45581 4.45581 4.45581 0 -9999 -9999 -9999 -9999 -9999 -9999 -9999 -9999 -9999 -9999 -9999 -9999 -9999 -9999 -9999 -9999 -9999 -9999 -9999 -9999 -9999 -9999 -9999 -9999 -9999 -9999 -9999
0 0 0 0 0 0 0 0 0 0 0 0 0 0 0 0 0 0 0 0 0 0 0 0 0.137531 0.137531 0.577619 0.577619 0.577619 0.976426 0.976426 0.976426 1.25145 1.25145 1.25145 1.37521 1.37521 1.37521 2.4329 2.4329 2.4329 3.26353 3.26353 3.26353 3.92244 3.92244 3.92244 3.92244 3.92244 3.92244 3.92244 3.92244 4.45581 4.45581 4.45581 0 -9999 -9999 -9999 -9999 -9999 -9999 -9999 -9999 -9999 -9999 -9999 -9999 -9999 -9999 -9999 -9999 -9999 -9999 -9999 -9999 -9999 -9999 -9999 -9999 -9999 -9999 -9999
0 0 0 0 0 0 0 0 0 0 0 0 0 0 0 0 0 0 0 0 0 0 0 0 0 0 0 0 0 0 0 0 0 0 0 0 0 0 0 0 0 0 0 0 0 0 0 0 0 0 0 0 0 0 0 0 0 -9999 -9999 -9999 -9999 -9999 -9999 -9999 -9999 -9999 -9999 -9999 -9999 -9999 -9999 -9999 -9999 -9999 -9999 -9999 -9999 -9999 -9999 -9999 -9999 -9999 -9999
0 0 0 0 0 0 0 0 0 0 0 0 0 0 0 0 0 0 0 0 0 0 0 0 0 0 0 0 0 0 0 0 0 0 0 0 0 0 0 0 0 0 0 0 0 0 0 0 0 0 0 0 0 0 0 0 0 -9999 -9999 -9999 -9999 -9999 -9999 -9999 -9999 -9999 -9999 -9999 -9999 -9999 -9999 -9999 -9999 -9999 -9999 -9999 -9999 -9999 -9999 -9999 -9999 -9999 -9999
0 0 0 0 0 0 0 0 0 0 0 0 0 0 0 0 0 0 0 0 0 0 0 0 0 0 0 0 0 0 0 0 0 0 0 0 0 0 0 0 0 0 0 0 0 0 0 0 0 0 0 0 0 0 0 0 0 0 -9999 -9999 -9999 -9999 -9999 -9999 -9999 -9999 -9999 -9999 -9999 -9999 -9999 -9999 -9999 -9999 -9999 -9999 -9999 -9999 -9999 -9999 -9999 -9999 -9999
0 0 0 0 0 0 0 0 0 0 0 0 0 0 0 0 0 0 0 0 0 0 0 0 0 0 0 0 0 0 0 0 0 0 0 0 0 0 0 0 0 0 0 0 0 0 0 0 0 0 0 0 0 0 0 0 0 0 0 0 -9999 -9999 -9999 -9999 -9999 -9999 -9999 -9999 -9999 -9999 -9999 -9999 -9999 -9999 -9999 -9999 -9999 -9999 -9999 -9999 -9999 -9999 -9999
0 0 0 0 0 0 0 0 0 0 0 0 0 0 0 0 0 0 0 0 0 0 0 0 0 0 0 0 0 0 0 0 0 0 0 0 0 0 0 0 0 0 0 0 0 0 0 0 0 0 0 0 0 0 0 0 0 0 0 0 0 -9999 0 -9999 -9999 -9999 -9999 -9999 -9999 -9999 -9999 -9999 -9999 -9999 -9999 -9999 -9999 -9999 -9999 -9999 -9999 -9999 -9999
0 0 0 0 0 0 0 0 0 0 0 0 0 0 0 0 0 0 0 0 0 0 0 0 0 0 0 0 0 0 0 0 0 0 0 0 0 0 0 0 0 0 0 0 0 0 0 0 0 0 0 0 0 0 0 0 0 0 0 0 0 -9999 0 -9999 -9999 -9999 -9999 -9999 -9999 -9999 -9999 -9999 -9999 -9999 -9999 -9999 -9999 -9999 -9999 -9999 -9999 -9999 -9999
