Madagascar1218CLEAN/DATA/irrigate.txt
ncols         251
nrows         471
xllcorner     43.217484268189
yllcorner     -25.606154098314
cellsize      0.029
NODATA_value  -9999
[rows 74 to 110 of 471, columns 166 to 248 of 251]
0 2.86472 2.86472 2.86472 2.86472 2.86472 2.86472 2.86472 2.86472 2.86472 2.86472 2.86472 2.86472 2.86472 2.86472 2.64587 2.64587 2.64587 2.31944 2.31944 2.31944 2.29955 2.29955 2.29955 2.29955 2.29955 2.29955 2.29955 2.29955 2.36465 2.36465 2.36465 2.29955 2.29955 2.29955 2.29955 2.29955 2.29955 2.29955 2.29955 2.29955 2.29955 2.29955 2.29955 2.29955 2.29955 2.29955 2.29955 2.29955 2.29955 2.29955 2.29955 2.29955 2.29955 2.29955 2.29955 2.29955 2.29955 2.29955 2.29955 2.29955 -9999 2.29955 2.29955 2.29955 2.29955 2.29955 2.29955 2.29955 2.29955 2.0273 2.0273 2.0273 0 -9999 -9999 -9999 -9999 -9999 -9999 -9999 -9999 -9999
0 2.86472 2.86472 2.86472 2.86472 2.86472 2.86472 2.86472 2.86472 2.86472 2.86472 2.86472 2.86472 2.86472 2.86472 2.64587 2.64587 2.64587 2.31944 2.31944 2.31944 2.29955 2.29955 2.29955 2.29955 2.29955 2.29955 2.29955 2.29955 2.36465 2.36465 2.36465 2.29955 2.29955 2.29955 2.29955 2.29955 2.29955 2.29955 2.29955 2.29955 2.29955 2.29955 2.29955 2.29955 2.29955 2.29955 2.29955 2.29955 2.29955 2.29955 2.29955 2.29955 2.29955 2.29955 2.29955 2.29955 2.29955 2.29955 2.29955 2.29955 -9999 2.29955 2.29955 2.29955 2.29955 2.29955 2.29955 2.29955 2.29955 2.0273 2.0273 2.0273 0 -9999 -9999 -9999 -9999 -9999 -9999 -9999 -9999 -9999
0 2.86472 2.86472 2.86472 2.86472 2.86472 2.86472 2.86472 2.86472 2.86472 2.86472 2.86472 2.86472 2.86472 2.86472 2.86472 2.86472 2.86472 2.75981 2.75981 2.75981 2.68746 2.68746 2.68746 2.50028 2.50028 2.62235 2.62235 2.62235 2.85839 2.85839 2.85839 2.64135 2.64135 2.64135 2.29955 2.29955 2.29955 2.29955 2.29955 2.29955 2.29955 2.29955 2.29955 2.29955 2.29955 2.29955 2.29955 2.29955 2.29955 2.29955 2.29955 2.29955 2.29955 2.29955 2.29955 2.29955 2.29955 2.29955 2.29955 2.29955 -9999 2.29955 2.29955 2.29955 2.29955 2.29955 7.52158 7.52158 7.52158 1.64096 1.64096 1.64096 -9999 -9999 -9999 -9999 -9999 -9999 -9999 -9999 -9999 -9999
0 2.86472 2.86472 2.86472 2.86472 2.86472 2.86472 2.86472 2.86472 2.86472 2.86472 2.86472 2.86472 2.86472 2.86472 2.86472 2.86472 2.86472 2.75981 2.75981 2.75981 2.68746 2.68746 2.68746 2.50028 2.50028 2.62235 2.62235 2.62235 2.85839 2.85839 2.85839 2.64135 2.64135 2.64135 2.29955 2.29955 2.29955 2.29955 2.29955 2.29955 2.29955 2.29955 2.29955 2.29955 2.29955 2.29955 2.29955 2.29955 2.29955 2.29955 2.29955 2.29955 2.29955 2.29955 2.29955 2.29955 2.29955 2.29955 2.29955 2.29955 -9999 2.29955 2.29955 2.29955 2.29955 2.29955 7.52158 7.52158 7.52158 1.64096 1.64096 1.64096 -9999 -9999 -9999 -9999 -9999 -9999 -9999 -9999 -9999 -9999
0 2.86472 2.86472 2.86472 2.86472 2.86472 2.86472 2.86472 2.86472 2.86472 2.86472 2.86472 2.86472 2.86472 2.86472 2.86472 2.86472 2.86472 2.75981 2.75981 2.75981 2.68746 2.68746 2.68746 2.50028 2.50028 2.62235 2.62235 2.62235 2.85839 2.85839 2.85839 2.64135 2.64135 2.64135 2.29955 2.29955 2.29955 2.29955 2.29955 2.29955 2.29955 2.29955 2.29955 2.29955 2.29955 2.29955 2.29955 2.29955 2.29955 2.29955 2.29955 2.29955 2.29955 2.29955 2.29955 2.29955 2.29955 2.29955 2.29955 2.29955 -9999 2.29955 2.29955 2.29955 2.29955 2.29955 7.52158 7.52158 7.52158 1.64096 1.64096 1.64096 -9999 -9999 -9999 -9999 -9999 -9999 -9999 -9999 -9999 -9999
0 2.86471 2.86471 2.86471 2.86471 2.86471 2.86471 2.86471 2.86471 2.86471 2.86471 2.86471 2.86471 2.86471 2.86471 2.86471 2.86471 2.86471 2.86471 2.86471 2.86471 2.86471 2.86471 2.86471 2.86471 2.86471 2.86471 2.86471 2.86471 2.86471 2.86471 2.86471 2.85929 2.85929 2.85929 2.47225 2.47225 2.47225 2.29955 2.29955 2.29955 2.29955 2.29955 2.29955 2.29955 2.29955 2.29955 2.29955 2.29955 2.29955 2.29955 2.29955 2.29955 2.29955 2.29955 2.29955 2.29955 2.29955 2.29955 2.29955 2.29955 -9999 2.29955 2.29955 2.29955 2.29955 2.29955 4.58946 4.58946 4.58946 2.27747 2.27747 2.27747 0 -9999 -9999 -9999 -9999 -9999 -9999 -9999 -9999 -9999
0 2.86471 2.86471 2.86471 2.86471 2.86471 2.86471 2.86471 2.86471 2.86471 2.86471 2.86471 2.86471 2.86471 2.86471 2.86471 2.86471 2.86471 2.86471 2.86471 2.86471 2.86471 2.86471 2.86471 2.86471 2.86471 2.86471 2.86471 2.86471 2.86471 2.86471 2.86471 2.85929 2.85929 2.85929 2.47225 2.47225 2.47225 2.29955 2.29955 2.29955 2.29955 2.29955 2.29955 2.29955 2.29955 2.29955 2.29955 2.29955 2.29955 2.29955 2.29955 2.29955 2.29955 2.29955 2.29955 2.29955 2.29955 2.29955 2.29955 2.29955 -9999 2.29955 2.29955 2.29955 2.29955 2.29955 4.58946 4.58946 4.58946 2.27747 2.27747 2.27747 0 0 -9999 -9999 -9999 -9999 -9999 -9999 -9999 -9999
2.86472 2.86472 2.86472 2.86472 2.86472 2.86472 2.86472 2.86472 2.86472 2.86472 2.86472 2.86472 2.86472 2.86472 2.86472 2.86472 2.86472 2.86472 2.86472 2.86472 2.86472 2.86472 2.86472 2.86472 2.86472 2.86472 2.86472 2.86472 2.86472 2.86472 2.86472 2.86472 2.86472 2.86472 2.86472 2.85024 2.85024 2.85024 2.654 2.654 2.654 2.30498 2.30498 2.30498 2.29955 2.29955 2.29955 2.29955 2.29955 2.29955 2.29955 2.29955 2.29955 2.29955 2.29955 2.29955 2.29955 2.29955 2.29955 2.29955 2.29955 -9999 2.29955 2.29955 2.29955 2.29955 2.29955 2.29955 2.29955 2.29955 2.29955 2.29955 2.29955 0 0 -9999 -9999 -9999 -9999 -9999 -9999 -9999 -9999
2.86472 2.86472 2.86472 2.86472 2.86472 2.86472 2.86472 2.86472 2.86472 2.86472 2.86472 2.86472 2.86472 2.86472 2.86472 2.86472 2.86472 2.86472 2.86472 2.86472 2.86472 2.86472 2.86472 2.86472 2.86472 2.86472 2.86472 2.86472 2.86472 2.86472 2.86472 2.86472 2.86472 2.86472 2.86472 2.85024 2.85024 2.85024 2.654 2.654 2.654 2.30498 2.30498 2.30498 2.29955 2.29955 2.29955 2.29955 2.29955 2.29955 2.29955 2.29955 2.29955 2.29955 2.29955 2.29955 2.29955 2.29955 2.29955 2.29955 2.29955 -9999 2.29955 2.29955 2.29955 2.29955 2.29955 2.29955 2.29955 2.29955 2.29955 2.29955 2.29955 0 0 -9999 -9999 -9999 -9999 -9999 -9999 -9999 -9999
2.86472 2.86472 2.86472 2.86472 2.86472 2.86472 2.86472 2.86472 2.86472 2.86472 2.86472 2.86472 2.86472 2.86472 2.86472 2.86472 2.86472 2.86472 2.86472 2.86472 2.86472 2.86472 2.86472 2.86472 2.86472 2.86472 2.86472 2.86472 2.86472 2.86472 2.86472 2.86472 2.86472 2.86472 2.86472 2.85024 2.85024 2.85024 2.654 2.654 2.654 2.30498 2.30498 2.30498 2.29955 2.29955 2.29955 2.29955 2.29955 2.29955 2.29955 2.29955 2.29955 2.29955 2.29955 2.29955 2.29955 2.29955 2.29955 2.29955 2.29955 -9999 2.29955 2.29955 2.29955 2.29955 2.29955 2.29955 2.29955 2.29955 2.29955 2.29955 2.29955 0 0 -9999 -9999 -9999 -9999 -9999 -9999 -9999 -9999
2.86472 2.86472 2.86472 2.86472 2.86472 2.86472 2.86472 2.86472 2.86472 2.86472 2.86472 2.86472 2.86472 2.86472 2.86472 2.86472 2.86472 2.86472 2.86472 2.86472 2.86472 2.86472 2.86472 2.86472 2.86472 2.86472 2.86472 2.86472 2.86472 2.86472 2.86472 2.86472 2.86472 2.86472 2.86472 2.86472 2.86472 2.86472 2.86472 2.86472 2.86472 2.77156 2.77156 2.77156 2.39991 2.39991 2.29955 2.29955 2.29955 2.29955 2.29955 2.29955 2.29955 2.29955 2.29955 2.29955 2.29955 2.29955 2.29955 2.29955 2.29955 -9999 2.29955 2.29955 2.29955 2.29955 2.29955 2.29955 2.29955 2.29955 2.29955 2.29955 2.29955 0 0 -9999 -9999 -9999 -9999 -9999 -9999 -9999 -9999
2.86472 2.86472 2.86472 2.86472 2.86472 2.86472 2.86472 2.86472 2.86472 2.86472 2.86472 2.86472 2.86472 2.86472 2.86472 2.86472 2.86472 2.86472 2.86472 2.86472 2.86472 2.86472 2.86472 2.86472 2.86472 2.86472 2.86472 2.86472 2.86472 2.86472 2.86472 2.86472 2.86472 2.86472 2.86472 2.86472 2.86472 2.86472 2.86472 2.86472 2.86472 2.77156 2.77156 2.77156 2.39991 2.39991 2.29955 2.29955 2.29955 2.29955 2.29955 2.29955 2.29955 2.29955 2.29955 2.29955 2.29955 2.29955 2.29955 2.29955 2.29955 -9999 2.29955 2.29955 2.29955 2.29955 2.29955 2.29955 2.29955 2.29955 2.29955 2.29955 2.29955 0 -9999 -9999 -9999 -9999 -9999 -9999 -9999 -9999 -9999
2.86472 2.86472 2.86472 2.86472 2.86472 2.86472 2.86472 2.86472 2.86472 2.86472 2.86472 2.86472 2.86472 2.86472 2.86472 2.86472 2.86472 2.86472 2.86472 2.86472 2.86472 2.86472 2.86472 2.86472 2.86472 2.86472 2.86472 2.86472 2.86472 2.86472 2.86472 2.86472 2.86472 2.86472 2.86472 2.86472 2.86472 2.86472 2.86472 2.86472 2.86472 2.77156 2.77156 2.77156 2.39991 2.39991 2.29955 2.29955 2.29955 2.29955 2.29955 2.29955 2.29955 2.29955 2.29955 2.29955 2.29955 2.29955 2.29955 2.29955 2.29955 -9999 2.29955 2.29955 2.29955 2.29955 2.29955 2.29955 2.29955 2.29955 2.29955 2.29955 2.29955 0 -9999 -9999 -9999 -9999 -9999 -9999 -9999 -9999 -9999
2.86471 2.86471 2.86471 2.86471 2.86471 2.86471 2.86471 2.86471 2.86471 2.86471 2.86471 2.86471 2.86471 2.86471 2.86471 2.86471 2.86471 2.86471 2.86471 2.86471 2.86471 2.86471 2.86471 2.86471 2.86471 2.86471 2.86471 2.86471 2.86471 2.86471 2.86471 2.86471 2.86471 2.86471 2.86471 2.86471 2.86471 2.86471 2.86471 2.86471 2.86471 2.86471 2.86471 2.86471 2.50482 2.50482 2.29955 2.29955 2.29955 19.8585 19.8585 19.8585 22.2571 22.2571 22.2571 2.29955 2.29955 2.29955 2.29955 2.29955 2.29955 -9999 2.29955 2.29955 2.29955 2.29955 2.29955 2.29955 2.29955 2.29955 2.29955 2.29955 2.29955 0 0 -9999 -9999 -9999 -9999 -9999 -9999 -9999 -9999
2.86471 2.86471 2.86471 2.86471 2.86471 2.86471 2.86471 2.86471 2.86471 2.86471 2.86471 2.86471 2.86471 2.86471 2.86471 2.86471 2.86471 2.86471 2.86471 2.86471 2.86471 2.86471 2.86471 2.86471 2.86471 2.86471 2.86471 2.86471 2.86471 2.86471 2.86471 2.86471 2.86471 2.86471 2.86471 2.86471 2.86471 2.86471 2.86471 2.86471 2.86471 2.86471 2.86471 2.86471 2.50482 2.50482 2.29955 2.29955 2.29955 19.8585 19.8585 19.8585 22.2571 22.2571 22.2571 2.29955 2.29955 2.29955 2.29955 2.29955 2.29955 -9999 2.29955 2.29955 2.29955 2.29955 2.29955 2.29955 2.29955 2.29955 2.29955 2.29955 2.29955 0 0 -9999 -9999 -9999 -9999 -9999 -9999 -9999 -9999
2.86471 2.86471 2.86471 2.86471 2.86471 2.86471 2.86471 2.86471 2.86471 2.86471 2.86471 2.86471 2.86471 2.86471 2.86471 2.86471 2.86471 2.86471 2.86471 2.86471 2.86471 2.86471 2.86471 2.86471 2.86471 2.86471 2.86471 2.86471 2.86471 2.86471 2.86471 2.86471 2.86471 2.86471 2.86471 2.86471 2.86471 2.86471 2.86471 2.86471 2.86471 2.86471 2.86471 2.86471 2.50482 2.50482 2.29955 2.29955 2.29955 19.8585 19.8585 19.8585 22.2571 22.2571 22.2571 2.29955 2.29955 2.29955 2.29955 2.29955 2.29955 -9999 2.29955 2.29955 2.29955 2.29955 2.29955 2.29955 2.29955 2.29955 2.29955 2.29955 2.29955 0 0 -9999 -9999 -9999 -9999 -9999 -9999 -9999 -9999
2.86471 2.86471 2.86471 2.86471 2.86471 2.86471 2.86471 2.86471 2.86471 2.86471 2.86471 2.86471 2.86471 2.86471 2.86471 2.86471 2.86471 2.86471 2.86471 2.86471 2.86471 2.86471 2.86471 2.86471 2.86471 2.86471 2.86471 2.86471 2.86471 2.86471 2.86471 2.86471 2.86471 2.86471 2.86471 2.86471 2.86471 2.86471 2.86471 2.86471 2.86471 2.86471 2.86471 2.86471 2.69018 2.69018 2.30136 2.30136 2.30136 2.56931 2.56931 2.56931 2.59629 2.59629 2.59629 2.29955 2.29955 2.29955 2.29955 2.29955 2.29955 -9999 2.29955 2.29955 2.29955 2.29955 2.29955 2.29955 2.29955 2.29955 2.29955 2.29955 2.29955 0.9529 0.9529 -9999 -9999 -9999 -9999 -9999 -9999 -9999 -9999
2.86471 2.86471 2.86471 2.86471 2.86471 2.86471 2.86471 2.86471 2.86471 2.86471 2.86471 2.86471 2.86471 2.86471 2.86471 2.86471 2.86471 2.86471 2.86471 2.86471 2.86471 2.86471 2.86471 2.86471 2.86471 2.86471 2.86471 2.86471 2.86471 2.86471 2.86471 2.86471 2.86471 2.86471 2.86471 2.86471 2.86471 2.86471 2.86471 2.86471 2.86471 2.86471 2.86471 2.86471 2.69018 2.69018 2.30136 2.30136 2.30136 2.56931 2.56931 2.56931 2.59629 2.59629 2.59629 2.29955 2.29955 2.29955 2.29955 2.29955 2.29955 -9999 2.29955 2.29955 2.29955 2.29955 2.29955 2.29955 2.29955 2.29955 2.29955 2.29955 2.29955 0.9529 0.9529 -9999 -9999 -9999 -9999 -9999 -9999 -9999 -9999
-9999 -9999 -9999 -9999 -9999 -9999 -9999 -9999 -9999 -9999 -9999 -9999 -9999 -9999 -9999 -9999 -9999 -9999 -9999 -9999 -9999 -9999 -9999 -9999 -9999 -9999 -9999 -9999 -9999 -9999 -9999 -9999 -9999 -9999 -9999 -9999 -9999 -9999 -9999 -9999 -9999 -9999 -9999 -9999 -9999 -9999 -9999 -9999 -9999 -9999 -9999 -9999 -9999 -9999 -9999 -9999 -9999 -9999 -9999 -9999 -9999 -9999 -9999 -9999 -9999 -9999 -9999 -9999 -9999 -9999 -9999 -9999 -9999 -9999 -9999 -9999 -9999 -9999 -9999 -9999 -9999 -9999 -9999
2.86471 2.86471 2.86471 2.86471 2.86471 2.86471 2.86471 2.86471 2.86471 2.86471 2.86471 2.86471 2.86471 2.86471 2.86471 2.86471 2.86471 2.86471 2.86471 2.86471 2.86471 2.86471 2.86471 2.86471 2.86471 2.86471 2.86471 2.86471 2.86471 2.86471 2.86471 2.86471 2.86471 2.86471 2.86471 2.86471 2.86471 2.86471 2.86471 2.86471 2.86471 2.86471 2.86471 2.86471 2.69018 2.69018 2.30136 2.30136 2.30136 2.56931 2.56931 2.56931 2.59629 2.59629 2.59629 2.29955 2.29955 2.29955 2.29955 2.29955 2.29955 -9999 2.29955 2.29955 2.29955 2.29955 2.29955 2.29955 2.29955 2.29955 2.29955 2.29955 2.29955 0.9529 0.9529 -9999 -9999 -9999 -9999 -9999 -9999 -9999 -9999
0 2.86472 2.86472 2.86472 2.86472 2.86472 2.86472 2.86472 2.86472 2.86472 2.86472 2.86472 2.86472 2.86472 2.86472 2.86472 2.86472 2.86472 2.86472 2.86472 2.86472 2.86472 2.86472 2.86472 2.86472 2.86472 2.86472 2.86472 2.86472 2.86472 2.86472 2.86472 2.86472 2.86472 2.86472 2.86472 2.86472 2.86472 2.86472 2.86472 2.86472 2.86472 2.86472 2.86472 2.86472 2.86472 2.33843 2.33843 2.33843 2.29955 2.29955 2.29955 2.29955 2.29955 2.29955 2.29955 2.29955 2.29955 2.29955 2.29955 2.29955 -9999 2.29955 2.29955 2.29955 2.29955 2.29955 2.29955 2.29955 2.29955 2.29955 2.29955 2.29955 1.63727 1.63727 1.63727 -9999 -9999 -9999 -9999 -9999 -9999 -9999
0 2.86472 2.86472 2.86472 2.86472 2.86472 2.86472 2.86472 2.86472 2.86472 2.86472 2.86472 2.86472 2.86472 2.86472 2.86472 2.86472 2.86472 2.86472 2.86472 2.86472 2.86472 2.86472 2.86472 2.86472 2.86472 2.86472 2.86472 2.86472 2.86472 2.86472 2.86472 2.86472 2.86472 2.86472 2.86472 2.86472 2.86472 2.86472 2.86472 2.86472 2.86472 2.86472 2.86472 2.86472 2.86472 2.33843 2.33843 2.33843 2.29955 2.29955 2.29955 2.29955 2.29955 2.29955 2.29955 2.29955 2.29955 2.29955 2.29955 2.29955 -9999 2.29955 2.29955 2.29955 2.29955 2.29955 2.29955 2.29955 2.29955 2.29955 2.29955 2.29955 1.63727 1.63727 1.63727 -9999 -9999 -9999 -9999 -9999 -9999 -9999
0 2.86472 2.86472 2.86472 2.86472 2.86472 2.86472 2.86472 2.86472 2.86472 2.86472 2.86472 2.86472 2.86472 2.86472 2.86472 2.86472 2.86472 2.86472 2.86472 2.86472 2.86472 2.86472 2.86472 2.86472 2.86472 2.86472 2.86472 2.86472 2.86472 2.86472 2.86472 2.86472 2.86472 2.86472 2.86472 2.86472 2.86472 2.86472 2.86472 2.86472 2.86472 2.86472 2.86472 2.86472 2.86472 2.33843 2.33843 2.33843 2.29955 2.29955 2.29955 2.29955 2.29955 2.29955 2.29955 2.29955 2.29955 2.29955 2.29955 2.29955 -9999 2.29955 2.29955 2.29955 2.29955 2.29955 2.29955 2.29955 2.29955 2.29955 2.29955 2.29955 1.63727 1.63727 1.63727 -9999 -9999 -9999 -9999 -9999 -9999 -9999
2.86472 2.86472 2.86472 2.86472 2.86472 2.86472 2.86472 2.86472 2.86472 2.86472 2.86472 2.86472 2.86472 2.86472 2.86472 2.86472 2.86472 2.86472 2.86472 2.86472 2.86472 2.86472 2.86472 2.86472 2.86472 2.86472 2.86472 2.86472 2.86472 2.86472 2.86472 2.86472 2.86472 2.86472 2.86472 2.86472 2.86472 2.86472 2.86472 2.86472 2.86472 2.86472 2.86472 2.86472 2.86472 2.86472 2.50934 2.50934 2.50934 2.29955 2.29955 2.29955 2.29955 2.29955 2.29955 2.29955 2.29955 2.29955 2.29955 2.29955 2.29955 -9999 2.29955 2.29955 2.29955 2.29955 2.29955 2.29955 2.29955 2.29955 2.29955 2.29955 2.29955 2.10084 2.10084 2.10084 -9999 -9999 -9999 -9999 -9999 -9999 -9999
2.86472 2.86472 2.86472 2.86472 2.86472 2.86472 2.86472 2.86472 2.86472 2.86472 2.86472 2.86472 2.86472 2.86472 2.86472 2.86472 2.86472 2.86472 2.86472 2.86472 2.86472 2.86472 2.86472 2.86472 2.86472 2.86472 2.86472 2.86472 2.86472 2.86472 2.86472 2.86472 2.86472 2.86472 2.86472 2.86472 2.86472 2.86472 2.86472 2.86472 2.86472 2.86472 2.86472 2.86472 2.86472 2.86472 2.50934 2.50934 2.50934 2.29955 2.29955 2.29955 2.29955 2.29955 2.29955 2.29955 2.29955 2.29955 2.29955 2.29955 2.29955 -9999 2.29955 2.29955 2.29955 2.29955 2.29955 2.29955 2.29955 2.29955 2.29955 2.29955 2.29955 2.10084 2.10084 2.10084 0 -9999 -9999 -9999 -9999 -9999 -9999
2.86472 2.86472 2.86472 2.86472 2.86472 2.86472 2.86472 2.86472 2.86472 2.86472 2.86472 2.86472 2.86472 2.86472 2.86472 2.86472 2.86472 2.86472 2.86472 2.86472 2.86472 2.86472 2.86472 2.86472 2.86472 2.86472 2.86472 2.86472 2.86472 2.86472 2.86472 2.86472 2.86472 2.86472 2.86472 2.86472 2.86472 2.86472 2.86472 2.86472 2.86472 2.86472 2.86472 2.86472 2.86472 2.86472 2.50934 2.50934 2.50934 2.29955 2.29955 2.29955 2.29955 2.29955 2.29955 2.29955 2.29955 2.29955 2.29955 2.29955 2.29955 -9999 2.29955 2.29955 2.29955 2.29955 2.29955 2.29955 2.29955 2.29955 2.29955 2.29955 2.29955 2.10084 2.10084 2.10084 0 -9999 -9999 -9999 -9999 -9999 -9999
2.86471 2.86471 2.86471 2.86471 2.86471 2.86471 2.86471 2.86471 2.86471 2.86471 2.86471 2.86471 2.86471 2.86471 2.86471 2.86471 2.86471 2.86471 2.86471 2.86471 2.86471 2.86471 2.86471 2.86471 2.86471 2.86471 2.86471 2.86471 2.86471 2.86471 2.86471 2.86471 2.86471 2.86471 2.86471 2.86471 2.86471 2.86471 2.86471 2.86471 2.86471 2.86471 2.86471 2.86471 2.86471 2.86471 2.55674 2.55674 2.55674 3.19437 3.19437 3.19437 2.29955 2.29955 2.29955 2.29955 2.29955 2.29955 2.29955 2.29955 2.29955 -9999 2.29955 2.29955 2.29955 2.29955 2.29955 2.29955 2.29955 2.29955 2.29955 2.29955 2.29955 2.29955 2.29955 2.29955 0 -9999 -9999 -9999 -9999 -9999 -9999
2.86471 2.86471 2.86471 2.86471 2.86471 2.86471 2.86471 2.86471 2.86471 2.86471 2.86471 2.86471 2.86471 2.86471 2.86471 2.86471 2.86471 2.86471 2.86471 2.86471 2.86471 2.86471 2.86471 2.86471 2.86471 2.86471 2.86471 2.86471 2.86471 2.86471 2.86471 2.86471 2.86471 2.86471 2.86471 2.86471 2.86471 2.86471 2.86471 2.86471 2.86471 2.86471 2.86471 2.86471 2.86471 2.86471 2.55674 2.55674 2.55674 3.19437 3.19437 3.19437 2.29955 2.29955 2.29955 2.29955 2.29955 2.29955 2.29955 2.29955 2.29955 -9999 2.29955 2.29955 2.29955 2.29955 2.29955 2.29955 2.29955 2.29955 2.29955 2.29955 2.29955 2.29955 2.29955 2.29955 0 0 -9999 -9999 -9999 -9999 -9999
11.0641 4.69774 4.69774 4.69774 2.86472 2.86472 2.86472 2.86472 2.86472 2.86472 2.86472 2.86472 2.86472 2.86472 2.86472 2.86472 2.86472 2.86472 2.86472 2.86472 2.86472 2.86472 2.86472 2.86472 2.86472 2.86472 2.86472 2.86472 2.86472 2.86472 2.86472 2.86472 2.86472 2.86472 2.86472 2.86472 2.86472 2.86472 2.86472 2.86472 2.86472 2.86472 2.86472 2.86472 2.86472 2.86472 5.02044 5.02044 5.02044 5.98085 5.98085 5.98085 4.12994 4.12994 4.12994 2.29955 2.29955 2.29955 2.29955 2.29955 2.29955 -9999 2.29955 2.29955 2.29955 2.29955 2.29955 2.29955 2.29955 2.29955 2.29955 2.29955 2.29955 2.29955 2.29955 2.29955 1.69979 1.69979 -9999 -9999 -9999 -9999 -9999
11.0641 4.69774 4.69774 4.69774 2.86472 2.86472 2.86472 2.86472 2.86472 2.86472 2.86472 2.86472 2.86472 2.86472 2.86472 2.86472 2.86472 2.86472 2.86472 2.86472 2.86472 2.86472 2.86472 2.86472 2.86472 2.86472 2.86472 2.86472 2.86472 2.86472 2.86472 2.86472 2.86472 2.86472 2.86472 2.86472 2.86472 2.86472 2.86472 2.86472 2.86472 2.86472 2.86472 2.86472 2.86472 2.86472 5.02044 5.02044 5.02044 5.98085 5.98085 5.98085 4.12994 4.12994 4.12994 2.29955 2.29955 2.29955 2.29955 2.29955 2.29955 -9999 2.29955 2.29955 2.29955 2.29955 2.29955 2.29955 2.29955 2.29955 2.29955 2.29955 2.29955 2.29955 2.29955 2.29955 1.69979 1.69979 -9999 -9999 -9999 -9999 -9999
11.0641 4.69774 4.69774 4.69774 2.86472 2.86472 2.86472 2.86472 2.86472 2.86472 2.86472 2.86472 2.86472 2.86472 2.86472 2.86472 2.86472 2.86472 2.86472 2.86472 2.86472 2.86472 2.86472 2.86472 2.86472 2.86472 2.86472 2.86472 2.86472 2.86472 2.86472 2.86472 2.86472 2.86472 2.86472 2.86472 2.86472 2.86472 2.86472 2.86472 2.86472 2.86472 2.86472 2.86472 2.86472 2.86472 5.02044 5.02044 5.02044 5.98085 5.98085 5.98085 4.12994 4.12994 4.12994 2.29955 2.29955 2.29955 2.29955 2.29955 2.29955 -9999 2.29955 2.29955 2.29955 2.29955 2.29955 2.29955 2.29955 2.29955 2.29955 2.29955 2.29955 2.29955 2.29955 2.29955 1.69979 1.69979 1.69979 -9999 -9999 -9999 -9999
30.2651 8.50945 8.50945 8.50945 2.86471 2.86471 2.86471 2.86471 2.86471 2.86471 2.86471 2.86471 2.86471 2.86471 2.86471 2.86471 2.86471 2.86471 2.86471 2.86471 2.86471 2.86471 2.86471 2.86471 2.86471 2.86471 2.86471 2.86471 2.86471 2.86471 2.86471 2.86471 2.86471 2.86471 2.86471 2.86471 2.86471 2.86471 2.86471 2.86471 2.86471 2.86471 2.86471 2.86471 3.45804 3.45804 5.7084 5.7084 5.7084 6.53686 6.53686 6.53686 6.35379 6.35379 6.35379 3.66888 3.66888 3.66888 3.33675 3.33675 3.33675 -9999 2.29955 2.29955 2.29955 2.29955 2.29955 2.29955 2.29955 2.29955 2.29955 2.29955 2.29955 2.29955 2.29955 2.29955 2.26643 2.26643 2.26643 0.349496 -9999 -9999 -9999
30.2651 8.50945 8.50945 8.50945 2.86471 2.86471 2.86471 2.86471 2.86471 2.86471 2.86471 2.86471 2.86471 2.86471 2.86471 2.86471 2.86471 2.86471 2.86471 2.86471 2.86471 2.86471 2.86471 2.86471 2.86471 2.86471 2.86471 2.86471 2.86471 2.86471 2.86471 2.86471 2.86471 2.86471 2.86471 2.86471 2.86471 2.86471 2.86471 2.86471 2.86471 2.86471 2.86471 2.86471 3.45804 3.45804 5.7084 5.7084 5.7084 6.53686 6.53686 6.53686 6.35379 6.35379 6.35379 3.66888 3.66888 3.66888 3.33675 3.33675 3.33675 -9999 2.29955 2.29955 2.29955 2.29955 2.29955 2.29955 2.29955 2.29955 2.29955 2.29955 2.29955 2.29955 2.29955 2.29955 2.26643 2.26643 2.26643 0.349496 -9999 -9999 -9999
30.2651 8.50945 8.50945 8.50945 2.86471 2.86471 2.86471 2.86471 2.86471 2.86471 2.86471 2.86471 2.86471 2.86471 2.86471 2.86471 2.86471 2.86471 2.86471 2.86471 2.86471 2.86471 2.86471 2.86471 2.86471 2.86471 2.86471 2.86471 2.86471 2.86471 2.86471 2.86471 2.86471 2.86471 2.86471 2.86471 2.86471 2.86471 2.86471 2.86471 2.86471 2.86471 2.86471 2.86471 3.45804 3.45804 5.7084 5.7084 5.7084 6.53686 6.53686 6.53686 6.35379 6.35379 6.35379 3.66888 3.66888 3.66888 3.33675 3.33675 3.33675 -9999 2.29955 2.29955 2.29955 2.29955 2.29955 2.29955 2.29955 2.29955 2.29955 2.29955 2.29955 2.29955 2.29955 2.29955 2.26643 2.26643 2.26643 0.349496 -9999 -9999 -9999
2.86471 2.86471 2.86471 2.86471 2.86471 2.86471 2.86471 2.86471 2.86471 2.86471 2.86471 2.86471 2.86471 2.86471 2.86471 2.86471 2.86471 2.86471 2.86471 2.86471 2.86471 2.86471 2.86471 2.86471 2.86471 2.86471 2.86471 2.86471 2.86471 2.86471 2.86471 2.86471 2.86471 2.86471 2.86471 2.86471 2.86471 2.86471 2.86471 2.86471 2.86471 2.86471 2.86471 2.86471 5.76719 5.76719 6.53686 6.53686 6.53686 6.53686 6.53686 6.53686 6.53686 6.53686 6.53686 6.53686 6.53686 6.53686 5.49277 5.49277 5.49277 -9999 2.29955 2.29955 2.29955 2.29955 2.29955 2.29955 2.29955 2.29955 2.29955 2.29955 2.29955 2.29955 2.29955 2.29955 2.29955 2.29955 2.29955 1.9095 1.9095 -9999 -9999
2.86471 2.86471 2.86471 2.86471 2.86471 2.86471 2.86471 2.86471 2.86471 2.86471 2.86471 2.86471 2.86471 2.86471 2.86471 2.86471 2.86471 2.86471 2.86471 2.86471 2.86471 2.86471 2.86471 2.86471 2.86471 2.86471 2.86471 2.86471 2.86471 2.86471 2.86471 2.86471 2.86471 2.86471 2.86471 2.86471 2.86471 2.86471 2.86471 2.86471 2.86471 2.86471 2.86471 2.86471 5.76719 5.76719 6.53686 6.53686 6.53686 6.53686 6.53686 6.53686 6.53686 6.53686 6.53686 6.53686 6.53686 6.53686 5.49277 5.49277 5.49277 -9999 2.29955 2.29955 2.29955 2.29955 2.29955 2.29955 2.29955 2.29955 2.29955 2.29955 2.29955 2.29955 2.29955 2.29955 2.29955 2.29955 2.29955 1.9095 1.9095 1.9095 -9999
2.86471 2.86471 2.86471 2.86471 2.86471 2.86471 2.86471 2.86471 2.86471 2.86471 2.86471 2.86471 2.86471 2.86471 2.86471 2.86471 2.86471 2.86471 2.86471 2.86471 2.86471 2.86471 2.86471 2.86471 2.86471 2.86471 2.86471 2.86471 2.86471 2.86471 2.86471 2.86471 2.86471 2.86471 2.86471 2.86471 2.86471 2.86471 2.86471 2.86471 2.86471 2.86471 2.86471 2.86471 5.76719 5.76719 6.53686 6.53686 6.53686 6.53686 6.53686 6.53686 6.53686 6.53686 6.53686 6.53686 6.53686 6.53686 5.49277 5.49277 5.49277 -9999 2.29955 2.29955 2.29955 2.29955 2.29955 2.29955 2.29955 2.29955 2.29955 2.29955 2.29955 2.29955 2.29955 2.29955 2.29955 2.29955 2.29955 1.9095 1.9095 1.9095 0
