Madagascar1218CLEAN/DATA/maizearea.txt
ncols         251
nrows         471
xllcorner     43.217484268189
yllcorner     -25.606154098314
cellsize      0.029
NODATA_value  -9999
[rows 222 to 258 of 471, columns 84 to 167 of 251]
0 0 0 0.001 0.001 0.001 0 0 0 0 0 0.001 0.001 0.001 0 0 0 0.001 0.001 0.001 0 0 0 0.001 0.001 0.001 0 0 0 0 0 0 0 0 0.001 0.001 0.001 0.001 0.001 0.001 0 0 0 0 0 0 0.001 0.001 0.001 0.001 0.001 0.001 0.001 0.001 0.001 0.001 0.001 0 0 0 0.002 0.002 0.002 0.007 0.007 0.007 0.007 0.007 0.011 0.011 0.011 0.002 0.002 0.002 0.002 0.002 0.002 0.001 0.001 0.001 0 0 0 0.001
0 0 0 0.001 0.001 0.001 0 0 0 0 0 0.001 0.001 0.001 0 0 0 0.001 0.001 0.001 0 0 0 0.001 0.001 0.001 0 0 0 0 0 0 0 0 0.001 0.001 0.001 0.001 0.001 0.001 0 0 0 0 0 0 0.001 0.001 0.001 0.001 0.001 0.001 0.001 0.001 0.001 0.001 0.001 0 0 0 0.002 0.002 0.002 0.007 0.007 0.007 0.007 0.007 0.011 0.011 0.011 0.002 0.002 0.002 0.002 0.002 0.002 0.001 0.001 0.001 0 0 0 0.001
0 0 0 0.001 0.001 0.001 0 0 0 0 0 0.001 0.001 0.001 0 0 0 0.001 0.001 0.001 0 0 0 0.001 0.001 0.001 0 0 0 0 0 0 0 0 0.001 0.001 0.001 0.001 0.001 0.001 0 0 0 0 0 0 0.001 0.001 0.001 0.001 0.001 0.001 0.001 0.001 0.001 0.001 0.001 0 0 0 0.002 0.002 0.002 0.007 0.007 0.007 0.007 0.007 0.011 0.011 0.011 0.002 0.002 0.002 0.002 0.002 0.002 0.001 0.001 0.001 0 0 0 0.001
0 0 0 0.002 0.002 0.002 0.003 0.003 0.003 0.001 0.001 0 0 0 0.002 0.002 0.002 0.002 0.002 0.002 0 0 0 0 0 0 0 0 0 0 0 0 0 0 0 0 0 0 0 0 0 0 0 0 0 0 0.001 0.001 0.002 0.002 0.002 0.001 0.001 0.001 0.001 0.001 0.001 0.001 0.001 0.001 0.005 0.005 0.005 0.002 0.002 0.002 0.006 0.006 0.003 0.003 0.003 0.001 0.001 0.001 0 0 0 0 0 0 0 0 0 0
0 0 0 0.002 0.002 0.002 0.003 0.003 0.003 0.001 0.001 0 0 0 0.002 0.002 0.002 0.002 0.002 0.002 0 0 0 0 0 0 0 0 0 0 0 0 0 0 0 0 0 0 0 0 0 0 0 0 0 0 0.001 0.001 0.002 0.002 0.002 0.001 0.001 0.001 0.001 0.001 0.001 0.001 0.001 0.001 0.005 0.005 0.005 0.002 0.002 0.002 0.006 0.006 0.003 0.003 0.003 0.001 0.001 0.001 0 0 0 0 0 0 0 0 0 0
0 0 0 0.002 0.002 0.002 0.003 0.003 0.003 0.001 0.001 0 0 0 0.002 0.002 0.002 0.002 0.002 0.002 0 0 0 0 0 0 0 0 0 0 0 0 0 0 0 0 0 0 0 0 0 0 0 0 0 0 0.001 0.001 0.002 0.002 0.002 0.001 0.001 0.001 0.001 0.001 0.001 0.001 0.001 0.001 0.005 0.005 0.005 0.002 0.002 0.002 0.006 0.006 0.003 0.003 0.003 0.001 0.001 0.001 0 0 0 0 0 0 0 0 0 0
0 0 0 0 0 0 0.002 0.002 0.002 0.007 0.007 0.009 0.009 0.009 0.004 0.004 0.004 0.004 0.004 0.004 0.022 0.022 0.022 0 0 0 0.001 0.001 0.001 0 0 0 0 0 0 0 0 0.001 0.001 0.001 0 0 0 0.001 0.001 0.001 0.001 0.001 0.001 0.001 0.001 0.001 0.001 0.001 0.001 0.001 0.001 0.003 0.003 0.003 0.002 0.002 0.002 0.007 0.007 0.007 0.01 0.01 0.002 0.002 0.002 0 0 0 0 0 0 0.002 0.002 0.002 0 0 0 0
0 0 0 0 0 0 0.002 0.002 0.002 0.007 0.007 0.009 0.009 0.009 0.004 0.004 0.004 0.004 0.004 0.004 0.022 0.022 0.022 0 0 0 0.001 0.001 0.001 0 0 0 0 0 0 0 0 0.001 0.001 0.001 0 0 0 0.001 0.001 0.001 0.001 0.001 0.001 0.001 0.001 0.001 0.001 0.001 0.001 0.001 0.001 0.003 0.003 0.003 0.002 0.002 0.002 0.007 0.007 0.007 0.01 0.01 0.002 0.002 0.002 0 0 0 0 0 0 0.002 0.002 0.002 0 0 0 0
0 0 0 0 0 0 0.002 0.002 0.002 0.007 0.007 0.009 0.009 0.009 0.004 0.004 0.004 0.004 0.004 0.004 0.022 0.022 0.022 0 0 0 0.001 0.001 0.001 0 0 0 0 0 0 0 0 0.001 0.001 0.001 0 0 0 0.001 0.001 0.001 0.001 0.001 0.001 0.001 0.001 0.001 0.001 0.001 0.001 0.001 0.001 0.003 0.003 0.003 0.002 0.002 0.002 0.007 0.007 0.007 0.01 0.01 0.002 0.002 0.002 0 0 0 0 0 0 0.002 0.002 0.002 0 0 0 0
0 0 0 0 0 0 0 0 0 0.005 0.005 0.022 0.022 0.022 0.007 0.007 0.007 0.02 0.02 0.02 0.026 0.026 0.026 0.023 0.023 0.023 0.013 0.013 0.013 0.01 0.01 0.007 0.007 0.007 0.001 0.001 0.001 0.001 0.001 0.001 0.002 0.002 0.002 0.001 0.001 0.001 0.001 0.001 0 0 0 0.001 0.001 0.001 0.005 0.005 0.005 0.003 0.003 0.003 0 0 0 0.002 0.002 0.002 0.001 0.001 0.001 0.001 0.001 0.003 0.003 0.003 0.002 0.002 0.002 0.007 0.007 0.007 0 0 0 0
0 0 0 0 0 0 0 0 0 0.005 0.005 0.022 0.022 0.022 0.007 0.007 0.007 0.02 0.02 0.02 0.026 0.026 0.026 0.023 0.023 0.023 0.013 0.013 0.013 0.01 0.01 0.007 0.007 0.007 0.001 0.001 0.001 0.001 0.001 0.001 0.002 0.002 0.002 0.001 0.001 0.001 0.001 0.001 0 0 0 0.001 0.001 0.001 0.005 0.005 0.005 0.003 0.003 0.003 0 0 0 0.002 0.002 0.002 0.001 0.001 0.001 0.001 0.001 0.003 0.003 0.003 0.002 0.002 0.002 0.007 0.007 0.007 0 0 0 0
0 0 0 0 0 0 0 0 0 0.005 0.005 0.022 0.022 0.022 0.007 0.007 0.007 0.02 0.02 0.02 0.026 0.026 0.026 0.023 0.023 0.023 0.013 0.013 0.013 0.01 0.01 0.007 0.007 0.007 0.001 0.001 0.001 0.001 0.001 0.001 0.002 0.002 0.002 0.001 0.001 0.001 0.001 0.001 0 0 0 0.001 0.001 0.001 0.005 0.005 0.005 0.003 0.003 0.003 0 0 0 0.002 0.002 0.002 0.001 0.001 0.001 0.001 0.001 0.003 0.003 0.003 0.002 0.002 0.002 0.007 0.007 0.007 0 0 0 0
0.004 0.004 0.004 0.002 0.002 0.002 0 0 0 0.004 0.004 0.013 0.013 0.013 0.009 0.009 0.009 0 0 0 0 0 0 0.007 0.007 0.007 0 0 0 0.016 0.016 0.003 0.003 0.003 0.003 0.003 0.003 0.001 0.001 0.001 0.001 0.001 0.001 0 0 0 0.003 0.003 0.004 0.004 0.004 0.006 0.006 0.006 0.005 0.005 0.005 0.002 0.002 0.002 0.007 0.007 0.007 0.005 0.005 0.005 0.004 0.004 0.009 0.009 0.009 0.012 0.012 0.012 0 0 0 0.009 0.009 0.009 0.001 0.001 0.001 0
0.004 0.004 0.004 0.002 0.002 0.002 0 0 0 0.004 0.004 0.013 0.013 0.013 0.009 0.009 0.009 0 0 0 0 0 0 0.007 0.007 0.007 0 0 0 0.016 0.016 0.003 0.003 0.003 0.003 0.003 0.003 0.001 0.001 0.001 0.001 0.001 0.001 0 0 0 0.003 0.003 0.004 0.004 0.004 0.006 0.006 0.006 0.005 0.005 0.005 0.002 0.002 0.002 0.007 0.007 0.007 0.005 0.005 0.005 0.004 0.004 0.009 0.009 0.009 0.012 0.012 0.012 0 0 0 0.009 0.009 0.009 0.001 0.001 0.001 0
0.004 0.004 0.004 0.002 0.002 0.002 0 0 0 0.004 0.004 0.013 0.013 0.013 0.009 0.009 0.009 0 0 0 0 0 0 0.007 0.007 0.007 0 0 0 0.016 0.016 0.003 0.003 0.003 0.003 0.003 0.003 0.001 0.001 0.001 0.001 0.001 0.001 0 0 0 0.003 0.003 0.004 0.004 0.004 0.006 0.006 0.006 0.005 0.005 0.005 0.002 0.002 0.002 0.007 0.007 0.007 0.005 0.005 0.005 0.004 0.004 0.009 0.009 0.009 0.012 0.012 0.012 0 0 0 0.009 0.009 0.009 0.001 0.001 0.001 0
0.001 0.001 0.001 0 0 0 0.001 0.001 0.001 0 0 0.002 0.002 0.002 0.002 0.002 0.002 0.004 0.004 0.004 0.004 0.004 0.004 0 0 0 0.003 0.003 0.003 0.02 0.02 0.006 0.006 0.006 0.017 0.017 0.017 0.014 0.014 0.014 0.008 0.008 0.008 0.022 0.022 0.022 0.01 0.01 0.016 0.016 0.016 0.021 0.021 0.021 0.012 0.012 0.012 0.006 0.006 0.006 0.008 0.008 0.008 0.002 0.002 0.002 0.003 0.003 0.018 0.018 0.018 0.021 0.021 0.021 0 0 0 0.009 0.009 0.009 0.003 0.003 0.003 0
0.001 0.001 0.001 0 0 0 0.001 0.001 0.001 0 0 0.002 0.002 0.002 0.002 0.002 0.002 0.004 0.004 0.004 0.004 0.004 0.004 0 0 0 0.003 0.003 0.003 0.02 0.02 0.006 0.006 0.006 0.017 0.017 0.017 0.014 0.014 0.014 0.008 0.008 0.008 0.022 0.022 0.022 0.01 0.01 0.016 0.016 0.016 0.021 0.021 0.021 0.012 0.012 0.012 0.006 0.006 0.006 0.008 0.008 0.008 0.002 0.002 0.002 0.003 0.003 0.018 0.018 0.018 0.021 0.021 0.021 0 0 0 0.009 0.009 0.009 0.003 0.003 0.003 0
0.001 0.001 0.001 0 0 0 0.001 0.001 0.001 0 0 0.013 0.013 0.013 0.004 0.004 0.004 0.004 0.004 0.004 0.004 0.004 0.004 0 0 0 0 0 0 0.001 0.001 0.011 0.011 0.011 0.028 0.028 0.028 0.006 0.006 0.006 0.009 0.009 0.009 0.012 0.012 0.012 0.011 0.011 0.008 0.008 0.008 0.016 0.016 0.016 0.008 0.008 0.008 0.005 0.005 0.005 0.005 0.005 0.005 0.008 0.008 0.008 0.005 0.005 0 0 0 0.023 0.023 0.023 0.003 0.003 0.003 0.011 0.011 0.011 0.01 0.01 0.01 0.001
0.001 0.001 0.001 0 0 0 0.001 0.001 0.001 0 0 0.013 0.013 0.013 0.004 0.004 0.004 0.004 0.004 0.004 0.004 0.004 0.004 0 0 0 0 0 0 0.001 0.001 0.011 0.011 0.011 0.028 0.028 0.028 0.006 0.006 0.006 0.009 0.009 0.009 0.012 0.012 0.012 0.011 0.011 0.008 0.008 0.008 0.016 0.016 0.016 0.008 0.008 0.008 0.005 0.005 0.005 0.005 0.005 0.005 0.008 0.008 0.008 0.005 0.005 0 0 0 0.023 0.023 0.023 0.003 0.003 0.003 0.011 0.011 0.011 0.01 0.01 0.01 0.001
0.001 0.001 0.001 0 0 0 0.001 0.001 0.001 0 0 0.013 0.013 0.013 0.004 0.004 0.004 0.004 0.004 0.004 0.004 0.004 0.004 0 0 0 0 0 0 0.001 0.001 0.011 0.011 0.011 0.028 0.028 0.028 0.006 0.006 0.006 0.009 0.009 0.009 0.012 0.012 0.012 0.011 0.011 0.008 0.008 0.008 0.016 0.016 0.016 0.008 0.008 0.008 0.005 0.005 0.005 0.005 0.005 0.005 0.008 0.008 0.008 0.005 0.005 0 0 0 0.023 0.023 0.023 0.003 0.003 0.003 0.011 0.011 0.011 0.01 0.01 0.01 0.001
0.001 0.001 0.001 0 0 0 0 0 0 0 0 0 0 0 0.007 0.007 0.007 0.022 0.022 0.022 0.015 0.015 0.015 0.007 0.007 0.007 0 0 0 0 0 0.03 0.03 0.03 0.012 0.012 0.012 0.006 0.006 0.006 0.003 0.003 0.003 0.003 0.003 0.003 0.018 0.018 0.017 0.017 0.017 0.005 0.005 0.005 0.008 0.008 0.008 0.018 0.018 0.018 0.017 0.017 0.017 0.004 0.004 0.004 0.007 0.007 0.002 0.002 0.002 0 0 0 0.003 0.003 0.003 0.009 0.009 0.009 0.009 0.009 0.009 0
-9999 -9999 -9999 -9999 -9999 -9999 -9999 -9999 -9999 -9999 -9999 -9999 -9999 -9999 -9999 -9999 -9999 -9999 -9999 -9999 -9999 -9999 -9999 -9999 -9999 -9999 -9999 -9999 -9999 -9999 -9999 -9999 -9999 -9999 -9999 -9999 -9999 -9999 -9999 -9999 -9999 -9999 -9999 -9999 -9999 -9999 -9999 -9999 -9999 -9999 -9999 -9999 -9999 -9999 -9999 -9999 -9999 -9999 -9999 -9999 -9999 -9999 -9999 -9999 -9999 -9999 -9999 -9999 -9999 -9999 -9999 -9999 -9999 -9999 -9999 -9999 -9999 -9999 -9999 -9999 -9999 -9999 -9999 -9999
0.001 0.001 0.001 0 0 0 0 0 0 0 0 0 0 0 0.007 0.007 0.007 0.022 0.022 0.022 0.015 0.015 0.015 0.007 0.007 0.007 0 0 0 0 0 0.03 0.03 0.03 0.012 0.012 0.012 0.006 0.006 0.006 0.003 0.003 0.003 0.003 0.003 0.003 0.018 0.018 0.017 0.017 0.017 0.005 0.005 0.005 0.008 0.008 0.008 0.018 0.018 0.018 0.017 0.017 0.017 0.004 0.004 0.004 0.007 0.007 0.002 0.002 0.002 0 0 0 0.003 0.003 0.003 0.009 0.009 0.009 0.009 0.009 0.009 0
0.001 0.001 0.001 0 0 0 0 0 0 0 0 0 0 0 0.007 0.007 0.007 0.022 0.022 0.022 0.015 0.015 0.015 0.007 0.007 0.007 0 0 0 0 0 0.03 0.03 0.03 0.012 0.012 0.012 0.006 0.006 0.006 0.003 0.003 0.003 0.003 0.003 0.003 0.018 0.018 0.017 0.017 0.017 0.005 0.005 0.005 0.008 0.008 0.008 0.018 0.018 0.018 0.017 0.017 0.017 0.004 0.004 0.004 0.007 0.007 0.002 0.002 0.002 0 0 0 0.003 0.003 0.003 0.009 0.009 0.009 0.009 0.009 0.009 0
0.001 0.001 0.001 0 0 0 0 0 0 0 0 0.01 0.01 0.01 0.008 0.008 0.008 0.014 0.014 0.014 0.009 0.009 0.009 0.003 0.003 0.003 0 0 0 0 0 0.036 0.036 0.036 0.054 0.054 0.054 0.176 0.176 0.176 0.025 0.025 0.025 0.015 0.015 0.015 0.026 0.026 0.013 0.013 0.013 0.014 0.014 0.014 0.001 0.001 0.001 0.004 0.004 0.004 0.015 0.015 0.015 0.019 0.019 0.019 0.008 0.008 0.002 0.002 0.002 0 0 0 0 0 0 0.009 0.009 0.009 0.003 0.003 0.003 0.001
0.001 0.001 0.001 0 0 0 0 0 0 0 0 0.01 0.01 0.01 0.008 0.008 0.008 0.014 0.014 0.014 0.009 0.009 0.009 0.003 0.003 0.003 0 0 0 0 0 0.036 0.036 0.036 0.054 0.054 0.054 0.176 0.176 0.176 0.025 0.025 0.025 0.015 0.015 0.015 0.026 0.026 0.013 0.013 0.013 0.014 0.014 0.014 0.001 0.001 0.001 0.004 0.004 0.004 0.015 0.015 0.015 0.019 0.019 0.019 0.008 0.008 0.002 0.002 0.002 0 0 0 0 0 0 0.009 0.009 0.009 0.003 0.003 0.003 0.001
0.001 0.001 0.001 0 0 0 0 0 0 0 0 0.01 0.01 0.01 0.008 0.008 0.008 0.014 0.014 0.014 0.009 0.009 0.009 0.003 0.003 0.003 0 0 0 0 0 0.036 0.036 0.036 0.054 0.054 0.054 0.176 0.176 0.176 0.025 0.025 0.025 0.015 0.015 0.015 0.026 0.026 0.013 0.013 0.013 0.014 0.014 0.014 0.001 0.001 0.001 0.004 0.004 0.004 0.015 0.015 0.015 0.019 0.019 0.019 0.008 0.008 0.002 0.002 0.002 0 0 0 0 0 0 0.009 0.009 0.009 0.003 0.003 0.003 0.001
0.002 0.002 0.002 0.008 0.008 0.008 0.008 0.008 0.008 0.001 0.001 0.001 0.001 0.001 0.019 0.019 0.019 0.025 0.025 0.025 0 0 0 0.029 0.029 0.029 0.005 0.005 0.005 0 0 0.011 0.011 0.011 0.154 0.154 0.154 0.032 0.032 0.032 0.034 0.034 0.034 0.017 0.017 0.017 0.009 0.009 0.002 0.002 0.002 0 0 0 0 0 0 0 0 0 0.025 0.025 0.025 0.011 0.011 0.011 0.013 0.013 0.007 0.007 0.007 0.001 0.001 0.001 0 0 0 0.009 0.009 0.009 0.019 0.019 0.019 0
0.002 0.002 0.002 0.008 0.008 0.008 0.008 0.008 0.008 0.001 0.001 0.001 0.001 0.001 0.019 0.019 0.019 0.025 0.025 0.025 0 0 0 0.029 0.029 0.029 0.005 0.005 0.005 0 0 0.011 0.011 0.011 0.154 0.154 0.154 0.032 0.032 0.032 0.034 0.034 0.034 0.017 0.017 0.017 0.009 0.009 0.002 0.002 0.002 0 0 0 0 0 0 0 0 0 0.025 0.025 0.025 0.011 0.011 0.011 0.013 0.013 0.007 0.007 0.007 0.001 0.001 0.001 0 0 0 0.009 0.009 0.009 0.019 0.019 0.019 0
0.002 0.002 0.002 0.008 0.008 0.008 0.008 0.008 0.008 0.001 0.001 0.001 0.001 0.001 0.019 0.019 0.019 0.025 0.025 0.025 0 0 0 0.029 0.029 0.029 0.005 0.005 0.005 0 0 0.011 0.011 0.011 0.154 0.154 0.154 0.032 0.032 0.032 0.034 0.034 0.034 0.017 0.017 0.017 0.009 0.009 0.002 0.002 0.002 0 0 0 0 0 0 0 0 0 0.025 0.025 0.025 0.011 0.011 0.011 0.013 0.013 0.007 0.007 0.007 0.001 0.001 0.001 0 0 0 0.009 0.009 0.009 0.019 0.019 0.019 0
0 0 0 0.007 0.007 0.007 0.009 0.009 0.009 0 0 0.003 0.003 0.003 0.01 0.01 0.01 0.002 0.002 0.002 0.005 0.005 0.005 0.005 0.005 0.005 0 0 0 0.014 0.014 0.005 0.005 0.005 0 0 0 0 0 0 0.002 0.002 0.002 0.009 0.009 0.009 0.02 0.02 0 0 0 0 0 0 0.019 0.019 0.019 0.001 0.001 0.001 0.023 0.023 0.023 0.007 0.007 0.007 0.004 0.004 0.004 0.004 0.004 0.001 0.001 0.001 0 0 0 0.006 0.006 0.006 0 0 0 0.001
0 0 0 0.007 0.007 0.007 0.009 0.009 0.009 0 0 0.003 0.003 0.003 0.01 0.01 0.01 0.002 0.002 0.002 0.005 0.005 0.005 0.005 0.005 0.005 0 0 0 0.014 0.014 0.005 0.005 0.005 0 0 0 0 0 0 0.002 0.002 0.002 0.009 0.009 0.009 0.02 0.02 0 0 0 0 0 0 0.019 0.019 0.019 0.001 0.001 0.001 0.023 0.023 0.023 0.007 0.007 0.007 0.004 0.004 0.004 0.004 0.004 0.001 0.001 0.001 0 0 0 0.006 0.006 0.006 0 0 0 0.001
0 0 0 0.007 0.007 0.007 0.009 0.009 0.009 0 0 0.003 0.003 0.003 0.01 0.01 0.01 0.002 0.002 0.002 0.005 0.005 0.005 0.005 0.005 0.005 0 0 0 0.014 0.014 0.005 0.005 0.005 0 0 0 0 0 0 0.002 0.002 0.002 0.009 0.009 0.009 0.02 0.02 0 0 0 0 0 0 0.019 0.019 0.019 0.001 0.001 0.001 0.023 0.023 0.023 0.007 0.007 0.007 0.004 0.004 0.004 0.004 0.004 0.001 0.001 0.001 0 0 0 0.006 0.006 0.006 0 0 0 0.001
0 0 0 0 0 0 0.001 0.001 0.001 0 0 0.001 0.001 0.001 0 0 0 0.002 0.002 0.002 0.005 0.005 0.005 0.005 0.005 0.005 0 0 0 0.015 0.015 0.005 0.005 0.005 0 0 0 0.002 0.002 0.002 0.004 0.004 0.004 0.002 0.002 0.002 0.004 0.004 0.002 0.002 0.002 0 0 0 0.048 0.048 0.048 0 0 0 0.018 0.018 0.018 0.006 0.006 0.006 0.009 0.009 0.005 0.005 0.005 0.003 0.003 0.003 0.001 0.001 0.001 0 0 0 0.001 0.001 0.001 0.004
0 0 0 0 0 0 0.001 0.001 0.001 0 0 0.001 0.001 0.001 0 0 0 0.002 0.002 0.002 0.005 0.005 0.005 0.005 0.005 0.005 0 0 0 0.015 0.015 0.005 0.005 0.005 0 0 0 0.002 0.002 0.002 0.004 0.004 0.004 0.002 0.002 0.002 0.004 0.004 0.002 0.002 0.002 0 0 0 0.048 0.048 0.048 0 0 0 0.018 0.018 0.018 0.006 0.006 0.006 0.009 0.009 0.005 0.005 0.005 0.003 0.003 0.003 0.001 0.001 0.001 0 0 0 0.001 0.001 0.001 0.004
0 0 0 0 0 0 0.001 0.001 0.001 0 0 0.001 0.001 0.001 0 0 0 0.002 0.002 0.002 0.005 0.005 0.005 0.005 0.005 0.005 0 0 0 0.015 0.015 0.005 0.005 0.005 0 0 0 0.002 0.002 0.002 0.004 0.004 0.004 0.002 0.002 0.002 0.004 0.004 0.002 0.002 0.002 0 0 0 0.048 0.048 0.048 0 0 0 0.018 0.018 0.018 0.006 0.006 0.006 0.009 0.009 0.005 0.005 0.005 0.003 0.003 0.003 0.001 0.001 0.001 0 0 0 0.001 0.001 0.001 0.004
0 0 0 0 0 0 0.002 0.002 0.002 0.002 0.002 0.004 0.004 0.004 0.008 0.008 0.008 0.005 0.005 0.005 0.012 0.012 0.012 0.009 0.009 0.009 0.002 0.002 0.002 0 0 0 0 0 0 0 0 0.007 0.007 0.007 0.024 0.024 0.024 0 0 0 0 0 0 0 0 0 0 0 0.013 0.013 0.013 0.015 0.015 0.015 0.015 0.015 0.015 0.087 0.087 0.087 0.05 0.05 0.003 0.003 0.003 0 0 0 0.002 0.002 0.002 0.002 0.002 0.002 0.003 0.003 0.003 0.006
