Madagascar1218CLEAN/DATA/maizearea.txt
ncols         251
nrows         471
xllcorner     43.217484268189
yllcorner     -25.606154098314
cellsize      0.029
NODATA_value  -9999
[rows 259 to 295 of 471, columns 84 to 167 of 251]
0 0 0 0 0 0 0.002 0.002 0.002 0.002 0.002 0.004 0.004 0.004 0.008 0.008 0.008 0.005 0.005 0.005 0.012 0.012 0.012 0.009 0.009 0.009 0.002 0.002 0.002 0 0 0 0 0 0 0 0 0.007 0.007 0.007 0.024 0.024 0.024 0 0 0 0 0 0 0 0 0 0 0 0.013 0.013 0.013 0.015 0.015 0.015 0.015 0.015 0.015 0.087 0.087 0.087 0.05 0.05 0.003 0.003 0.003 0 0 0 0.002 0.002 0.002 0.002 0.002 0.002 0.003 0.003 0.003 0.006
0 0 0 0 0 0 0.004 0.004 0.004 0.003 0.003 0.002 0.002 0.002 0.008 0.008 0.008 0.013 0.013 0.013 0.007 0.007 0.007 0.009 0.009 0.009 0.014 0.014 0.014 0.003 0.003 0 0 0 0 0 0 0.004 0.004 0.004 0.021 0.021 0.021 0.048 0.048 0.048 0.024 0.024 0 0 0 0.009 0.009 0.009 0 0 0 0.006 0.006 0.006 0.015 0.015 0.015 0.062 0.062 0.062 0.038 0.038 0 0 0 0 0 0 0 0 0 0.002 0.002 0.002 0.005 0.005 0.005 0.001
0 0 0 0 0 0 0.004 0.004 0.004 0.003 0.003 0.002 0.002 0.002 0.008 0.008 0.008 0.013 0.013 0.013 0.007 0.007 0.007 0.009 0.009 0.009 0.014 0.014 0.014 0.003 0.003 0 0 0 0 0 0 0.004 0.004 0.004 0.021 0.021 0.021 0.048 0.048 0.048 0.024 0.024 0 0 0 0.009 0.009 0.009 0 0 0 0.006 0.006 0.006 0.015 0.015 0.015 0.062 0.062 0.062 0.038 0.038 0 0 0 0 0 0 0 0 0 0.002 0.002 0.002 0.005 0.005 0.005 0.001
0 0 0 0 0 0 0.004 0.004 0.004 0.003 0.003 0.002 0.002 0.002 0.008 0.008 0.008 0.013 0.013 0.013 0.007 0.007 0.007 0.009 0.009 0.009 0.014 0.014 0.014 0.003 0.003 0 0 0 0 0 0 0.004 0.004 0.004 0.021 0.021 0.021 0.048 0.048 0.048 0.024 0.024 0 0 0 0.009 0.009 0.009 0 0 0 0.006 0.006 0.006 0.015 0.015 0.015 0.062 0.062 0.062 0.038 0.038 0 0 0 0 0 0 0 0 0 0.002 0.002 0.002 0.005 0.005 0.005 0.001
0 0 0 0 0 0 0 0 0 0.001 0.001 0.002 0.002 0.002 0.001 0.001 0.001 0.005 0.005 0.005 0.008 0.008 0.008 0.003 0.003 0.003 0.009 0.009 0.009 0.005 0.005 0 0 0 0.002 0.002 0.002 0.009 0.009 0.009 0.011 0.011 0.011 0.061 0.061 0.061 0.058 0.058 0.045 0.045 0.045 0 0 0 0 0 0 0.03 0.03 0.03 0.045 0.045 0.045 0.058 0.058 0.058 0.047 0.047 0.003 0.003 0.003 0.005 0.005 0.005 0 0 0 0.004 0.004 0.004 0.005 0.005 0.005 0.002
0 0 0 0 0 0 0 0 0 0.001 0.001 0.002 0.002 0.002 0.001 0.001 0.001 0.005 0.005 0.005 0.008 0.008 0.008 0.003 0.003 0.003 0.009 0.009 0.009 0.005 0.005 0 0 0 0.002 0.002 0.002 0.009 0.009 0.009 0.011 0.011 0.011 0.061 0.061 0.061 0.058 0.058 0.045 0.045 0.045 0 0 0 0 0 0 0.03 0.03 0.03 0.045 0.045 0.045 0.058 0.058 0.058 0.047 0.047 0.003 0.003 0.003 0.005 0.005 0.005 0 0 0 0.004 0.004 0.004 0.005 0.005 0.005 0.002
0 0 0 0 0 0 0 0 0 0.001 0.001 0.002 0.002 0.002 0.001 0.001 0.001 0.005 0.005 0.005 0.008 0.008 0.008 0.003 0.003 0.003 0.009 0.009 0.009 0.005 0.005 0 0 0 0.002 0.002 0.002 0.009 0.009 0.009 0.011 0.011 0.011 0.061 0.061 0.061 0.058 0.058 0.045 0.045 0.045 0 0 0 0 0 0 0.03 0.03 0.03 0.045 0.045 0.045 0.058 0.058 0.058 0.047 0.047 0.003 0.003 0.003 0.005 0.005 0.005 0 0 0 0.004 0.004 0.004 0.005 0.005 0.005 0.002
0 0 0 0 0 0 0.001 0.001 0.001 0.005 0.005 0.012 0.012 0.012 0 0 0 0 0 0 0.004 0.004 0.004 0.005 0.005 0.005 0.005 0.005 0.005 0 0 0.01 0.01 0.01 0.005 0.005 0.005 0 0 0 0 0 0 0.032 0.032 0.032 0.018 0.018 0.027 0.027 0.027 0 0 0 0.006 0.006 0.006 0.021 0.021 0.021 0.009 0.009 0.009 0.033 0.033 0.033 0.018 0.018 0 0 0 0.003 0.003 0.003 0.001 0.001 0.001 0.006 0.006 0.006 0.004 0.004 0.004 0.004
0 0 0 0 0 0 0.001 0.001 0.001 0.005 0.005 0.012 0.012 0.012 0 0 0 0 0 0 0.004 0.004 0.004 0.005 0.005 0.005 0.005 0.005 0.005 0 0 0.01 0.01 0.01 0.005 0.005 0.005 0 0 0 0 0 0 0.032 0.032 0.032 0.018 0.018 0.027 0.027 0.027 0 0 0 0.006 0.006 0.006 0.021 0.021 0.021 0.009 0.009 0.009 0.033 0.033 0.033 0.018 0.018 0 0 0 0.003 0.003 0.003 0.001 0.001 0.001 0.006 0.006 0.006 0.004 0.004 0.004 0.004
0 0 0 0 0 0 0.001 0.001 0.001 0.005 0.005 0.012 0.012 0.012 0 0 0 0 0 0 0.004 0.004 0.004 0.005 0.005 0.005 0.005 0.005 0.005 0 0 0.01 0.01 0.01 0.005 0.005 0.005 0 0 0 0 0 0 0.032 0.032 0.032 0.018 0.018 0.027 0.027 0.027 0 0 0 0.006 0.006 0.006 0.021 0.021 0.021 0.009 0.009 0.009 0.033 0.033 0.033 0.018 0.018 0 0 0 0.003 0.003 0.003 0.001 0.001 0.001 0.006 0.006 0.006 0.004 0.004 0.004 0.004
0.001 0.001 0.001 0.001 0.001 0.001 0.008 0.008 0.008 0.003 0.003 0.004 0.004 0.004 0 0 0 0 0 0 0.004 0.004 0.004 0.002 0.002 0.002 0.005 0.005 0.005 0 0 0.005 0.005 0.005 0.012 0.012 0.012 0.009 0.009 0.009 0 0 0 0 0 0 0 0 0.004 0.004 0.004 0.063 0.063 0.063 0.003 0.003 0.003 0.012 0.012 0.012 0.015 0.015 0.015 0.009 0.009 0.009 0.006 0.006 0 0 0 0 0 0 0 0 0 0.003 0.003 0.003 0.003 0.003 0.003 0.003
0.001 0.001 0.001 0.001 0.001 0.001 0.008 0.008 0.008 0.003 0.003 0.004 0.004 0.004 0 0 0 0 0 0 0.004 0.004 0.004 0.002 0.002 0.002 0.005 0.005 0.005 0 0 0.005 0.005 0.005 0.012 0.012 0.012 0.009 0.009 0.009 0 0 0 0 0 0 0 0 0.004 0.004 0.004 0.063 0.063 0.063 0.003 0.003 0.003 0.012 0.012 0.012 0.015 0.015 0.015 0.009 0.009 0.009 0.006 0.006 0 0 0 0 0 0 0 0 0 0.003 0.003 0.003 0.003 0.003 0.003 0.003
0.001 0.001 0.001 0.001 0.001 0.001 0.008 0.008 0.008 0.003 0.003 0.004 0.004 0.004 0 0 0 0 0 0 0.004 0.004 0.004 0.002 0.002 0.002 0.005 0.005 0.005 0 0 0.005 0.005 0.005 0.012 0.012 0.012 0.009 0.009 0.009 0 0 0 0 0 0 0 0 0.004 0.004 0.004 0.063 0.063 0.063 0.003 0.003 0.003 0.012 0.012 0.012 0.015 0.015 0.015 0.009 0.009 0.009 0.006 0.006 0 0 0 0 0 0 0 0 0 0.003 0.003 0.003 0.003 0.003 0.003 0.003
0.001 0.001 0.001 0.015 0.015 0.015 0.01 0.01 0.01 0.001 0.001 0 0 0 0.001 0.001 0.001 0.002 0.002 0.002 0.005 0.005 0.005 0.012 0.012 0.012 0.01 0.01 0.01 0.012 0.012 0.007 0.007 0.007 0.002 0.002 0.002 0 0 0 0 0 0 0 0 0 0.004 0.004 0 0 0 0.058 0.058 0.058 0 0 0 0.02 0.02 0.02 0.012 0.012 0.012 0.003 0.003 0.003 0.002 0.002 0 0 0 0 0 0 0 0 0 0.002 0.002 0.002 0.004 0.004 0.004 0.003
0.001 0.001 0.001 0.015 0.015 0.015 0.01 0.01 0.01 0.001 0.001 0 0 0 0.001 0.001 0.001 0.002 0.002 0.002 0.005 0.005 0.005 0.012 0.012 0.012 0.01 0.01 0.01 0.012 0.012 0.007 0.007 0.007 0.002 0.002 0.002 0 0 0 0 0 0 0 0 0 0.004 0.004 0 0 0 0.058 0.058 0.058 0 0 0 0.02 0.02 0.02 0.012 0.012 0.012 0.003 0.003 0.003 0.002 0.002 0 0 0 0 0 0 0 0 0 0.002 0.002 0.002 0.004 0.004 0.004 0.003
0.001 0.001 0.001 0.015 0.015 0.015 0.01 0.01 0.01 0.001 0.001 0 0 0 0.001 0.001 0.001 0.002 0.002 0.002 0.005 0.005 0.005 0.012 0.012 0.012 0.01 0.01 0.01 0.012 0.012 0.007 0.007 0.007 0.002 0.002 0.002 0 0 0 0 0 0 0 0 0 0.004 0.004 0 0 0 0.058 0.058 0.058 0 0 0 0.02 0.02 0.02 0.012 0.012 0.012 0.003 0.003 0.003 0.002 0.002 0 0 0 0 0 0 0 0 0 0.002 0.002 0.002 0.004 0.004 0.004 0.003
0.001 0.001 0.001 0.019 0.019 0.019 0.011 0.011 0.011 0.004 0.004 0.001 0.001 0.001 0.001 0.001 0.001 0 0 0 0.001 0.001 0.001 0.01 0.01 0.01 0.036 0.036 0.036 0.014 0.014 0.017 0.017 0.017 0.015 0.015 0.015 0.009 0.009 0.009 0.002 0.002 0.002 0.004 0.004 0.004 0 0 0.02 0.02 0.02 0.004 0.004 0.004 0 0 0 0 0 0 0 0 0 0.002 0.002 0.002 0 0 0.001 0.001 0.001 0.001 0.001 0.001 0 0 0 0.001 0.001 0.001 0.002 0.002 0.002 0.002
0.001 0.001 0.001 0.019 0.019 0.019 0.011 0.011 0.011 0.004 0.004 0.001 0.001 0.001 0.001 0.001 0.001 0 0 0 0.001 0.001 0.001 0.01 0.01 0.01 0.036 0.036 0.036 0.014 0.014 0.017 0.017 0.017 0.015 0.015 0.015 0.009 0.009 0.009 0.002 0.002 0.002 0.004 0.004 0.004 0 0 0.02 0.02 0.02 0.004 0.004 0.004 0 0 0 0 0 0 0 0 0 0.002 0.002 0.002 0 0 0.001 0.001 0.001 0.001 0.001 0.001 0 0 0 0.001 0.001 0.001 0.002 0.002 0.002 0.002
0.001 0.001 0.001 0.019 0.019 0.019 0.011 0.011 0.011 0.004 0.004 0.001 0.001 0.001 0.001 0.001 0.001 0 0 0 0.001 0.001 0.001 0.01 0.01 0.01 0.036 0.036 0.036 0.014 0.014 0.017 0.017 0.017 0.015 0.015 0.015 0.009 0.009 0.009 0.002 0.002 0.002 0.004 0.004 0.004 0 0 0.02 0.02 0.02 0.004 0.004 0.004 0 0 0 0 0 0 0 0 0 0.002 0.002 0.002 0 0 0.001 0.001 0.001 0.001 0.001 0.001 0 0 0 0.001 0.001 0.001 0.002 0.002 0.002 0.002
0.001 0.001 0.001 0.012 0.012 0.012 0.003 0.003 0.003 0.005 0.005 0.004 0.004 0.004 0.001 0.001 0.001 0.001 0.001 0.001 0.004 0.004 0.004 0.017 0.017 0.017 0.009 0.009 0.009 0.014 0.014 0.015 0.015 0.015 0.005 0.005 0.005 0.009 0.009 0.009 0.003 0.003 0.003 0.004 0.004 0.004 0.004 0.004 0.004 0.004 0.004 0 0 0 0 0 0 0.008 0.008 0.008 0 0 0 0 0 0 0.007 0.007 0 0 0 0.001 0.001 0.001 0.003 0.003 0.003 0.001 0.001 0.001 0.002 0.002 0.002 0.001
0.001 0.001 0.001 0.012 0.012 0.012 0.003 0.003 0.003 0.005 0.005 0.004 0.004 0.004 0.001 0.001 0.001 0.001 0.001 0.001 0.004 0.004 0.004 0.017 0.017 0.017 0.009 0.009 0.009 0.014 0.014 0.015 0.015 0.015 0.005 0.005 0.005 0.009 0.009 0.009 0.003 0.003 0.003 0.004 0.004 0.004 0.004 0.004 0.004 0.004 0.004 0 0 0 0 0 0 0.008 0.008 0.008 0 0 0 0 0 0 0.007 0.007 0 0 0 0.001 0.001 0.001 0.003 0.003 0.003 0.001 0.001 0.001 0.002 0.002 0.002 0.001
0.001 0.001 0.001 0.009 0.009 0.009 0.001 0.001 0.001 0.002 0.002 0.004 0.004 0.004 0.01 0.01 0.01 0.009 0.009 0.009 0.005 0.005 0.005 0.019 0.019 0.019 0.002 0.002 0.002 0.017 0.017 0.003 0.003 0.003 0.003 0.003 0.003 0.005 0.005 0.005 0.003 0.003 0.003 0 0 0 0.016 0.016 0 0 0 0.004 0.004 0.004 0.004 0.004 0.004 0 0 0 0 0 0 0 0 0 0 0 0 0 0 0.001 0.001 0.001 0.004 0.004 0.004 0.003 0.003 0.003 0.003 0.003 0.003 0.002
0.001 0.001 0.001 0.009 0.009 0.009 0.001 0.001 0.001 0.002 0.002 0.004 0.004 0.004 0.01 0.01 0.01 0.009 0.009 0.009 0.005 0.005 0.005 0.019 0.019 0.019 0.002 0.002 0.002 0.017 0.017 0.003 0.003 0.003 0.003 0.003 0.003 0.005 0.005 0.005 0.003 0.003 0.003 0 0 0 0.016 0.016 0 0 0 0.004 0.004 0.004 0.004 0.004 0.004 0 0 0 0 0 0 0 0 0 0 0 0 0 0 0.001 0.001 0.001 0.004 0.004 0.004 0.003 0.003 0.003 0.003 0.003 0.003 0.002
0.001 0.001 0.001 0.009 0.009 0.009 0.001 0.001 0.001 0.002 0.002 0.004 0.004 0.004 0.01 0.01 0.01 0.009 0.009 0.009 0.005 0.005 0.005 0.019 0.019 0.019 0.002 0.002 0.002 0.017 0.017 0.003 0.003 0.003 0.003 0.003 0.003 0.005 0.005 0.005 0.003 0.003 0.003 0 0 0 0.016 0.016 0 0 0 0.004 0.004 0.004 0.004 0.004 0.004 0 0 0 0 0 0 0 0 0 0 0 0 0 0 0.001 0.001 0.001 0.004 0.004 0.004 0.003 0.003 0.003 0.003 0.003 0.003 0.002
0.001 0.001 0.001 0.005 0.005 0.005 0.002 0.002 0.002 0 0 0.002 0.002 0.002 0.006 0.006 0.006 0.002 0.002 0.002 0.01 0.01 0.01 0.026 0.026 0.026 0.009 0.009 0.009 0.003 0.003 0 0 0 0.005 0.005 0.005 0.004 0.004 0.004 0.007 0.007 0.007 0.001 0.001 0.001 0.002 0.002 0 0 0 0 0 0 0 0 0 0 0 0 0 0 0 0 0 0 0 0 0 0 0 0.001 0.001 0.001 0.006 0.006 0.006 0 0 0 0.002 0.002 0.002 0.001
0.001 0.001 0.001 0.005 0.005 0.005 0.002 0.002 0.002 0 0 0.002 0.002 0.002 0.006 0.006 0.006 0.002 0.002 0.002 0.01 0.01 0.01 0.026 0.026 0.026 0.009 0.009 0.009 0.003 0.003 0 0 0 0.005 0.005 0.005 0.004 0.004 0.004 0.007 0.007 0.007 0.001 0.001 0.001 0.002 0.002 0 0 0 0 0 0 0 0 0 0 0 0 0 0 0 0 0 0 0 0 0 0 0 0.001 0.001 0.001 0.006 0.006 0.006 0 0 0 0.002 0.002 0.002 0.001
0.001 0.001 0.001 0.005 0.005 0.005 0.002 0.002 0.002 0 0 0.002 0.002 0.002 0.006 0.006 0.006 0.002 0.002 0.002 0.01 0.01 0.01 0.026 0.026 0.026 0.009 0.009 0.009 0.003 0.003 0 0 0 0.005 0.005 0.005 0.004 0.004 0.004 0.007 0.007 0.007 0.001 0.001 0.001 0.002 0.002 0 0 0 0 0 0 0 0 0 0 0 0 0 0 0 0 0 0 0 0 0 0 0 0.001 0.001 0.001 0.006 0.006 0.006 0 0 0 0.002 0.002 0.002 0.001
0.002 0.002 0.002 0.001 0.001 0.001 0.012 0.012 0.012 0.001 0.001 0.005 0.005 0.005 0.007 0.007 0.007 0.006 0.006 0.006 0.013 0.013 0.013 0.015 0.015 0.015 0.009 0.009 0.009 0.005 0.005 0.003 0.003 0.003 0.005 0.005 0.005 0.003 0.003 0.003 0.006 0.006 0.006 0 0 0 0.002 0.002 0 0 0 0.001 0.001 0.001 0.003 0.003 0.003 0.001 0.001 0.001 0.001 0.001 0.001 0 0 0 0 0 0 0 0 0.002 0.002 0.002 0.002 0.002 0.002 0 0 0 0.003 0.003 0.003 0
0.002 0.002 0.002 0.001 0.001 0.001 0.012 0.012 0.012 0.001 0.001 0.005 0.005 0.005 0.007 0.007 0.007 0.006 0.006 0.006 0.013 0.013 0.013 0.015 0.015 0.015 0.009 0.009 0.009 0.005 0.005 0.003 0.003 0.003 0.005 0.005 0.005 0.003 0.003 0.003 0.006 0.006 0.006 0 0 0 0.002 0.002 0 0 0 0.001 0.001 0.001 0.003 0.003 0.003 0.001 0.001 0.001 0.001 0.001 0.001 0 0 0 0 0 0 0 0 0.002 0.002 0.002 0.002 0.002 0.002 0 0 0 0.003 0.003 0.003 0
0.002 0.002 0.002 0.001 0.001 0.001 0.012 0.012 0.012 0.001 0.001 0.005 0.005 0.005 0.007 0.007 0.007 0.006 0.006 0.006 0.013 0.013 0.013 0.015 0.015 0.015 0.009 0.009 0.009 0.005 0.005 0.003 0.003 0.003 0.005 0.005 0.005 0.003 0.003 0.003 0.006 0.006 0.006 0 0 0 0.002 0.002 0 0 0 0.001 0.001 0.001 0.003 0.003 0.003 0.001 0.001 0.001 0.001 0.001 0.001 0 0 0 0 0 0 0 0 0.002 0.002 0.002 0.002 0.002 0.002 0 0 0 0.003 0.003 0.003 0
0.002 0.002 0.002 0.001 0.001 0.001 0.002 0.002 0.002 0.002 0.002 0 0 0 0.002 0.002 0.002 0.002 0.002 0.002 0.01 0.01 0.01 0.008 0.008 0.008 0.01 0.01 0.01 0.005 0.005 0.007 0.007 0.007 0.007 0.007 0.007 0.003 0.003 0.003 0.003 0.003 0.003 0 0 0 0.009 0.009 0.003 0.003 0.003 0.001 0.001 0.001 0.003 0.003 0.003 0.003 0.003 0.003 0 0 0 0.005 0.005 0.005 0.003 0.003 0.001 0.001 0.001 0.001 0.001 0.001 0 0 0 0.001 0.001 0.001 0.001 0.001 0.001 0
0.002 0.002 0.002 0.001 0.001 0.001 0.002 0.002 0.002 0.002 0.002 0 0 0 0.002 0.002 0.002 0.002 0.002 0.002 0.01 0.01 0.01 0.008 0.008 0.008 0.01 0.01 0.01 0.005 0.005 0.007 0.007 0.007 0.007 0.007 0.007 0.003 0.003 0.003 0.003 0.003 0.003 0 0 0 0.009 0.009 0.003 0.003 0.003 0.001 0.001 0.001 0.003 0.003 0.003 0.003 0.003 0.003 0 0 0 0.005 0.005 0.005 0.003 0.003 0.001 0.001 0.001 0.001 0.001 0.001 0 0 0 0.001 0.001 0.001 0.001 0.001 0.001 0
0.002 0.002 0.002 0.001 0.001 0.001 0.002 0.002 0.002 0.002 0.002 0 0 0 0.002 0.002 0.002 0.002 0.002 0.002 0.01 0.01 0.01 0.008 0.008 0.008 0.01 0.01 0.01 0.005 0.005 0.007 0.007 0.007 0.007 0.007 0.007 0.003 0.003 0.003 0.003 0.003 0.003 0 0 0 0.009 0.009 0.003 0.003 0.003 0.001 0.001 0.001 0.003 0.003 0.003 0.003 0.003 0.003 0 0 0 0.005 0.005 0.005 0.003 0.003 0.001 0.001 0.001 0.001 0.001 0.001 0 0 0 0.001 0.001 0.001 0.001 0.001 0.001 0
0.002 0.002 0.002 0.001 0.001 0.001 0.002 0.002 0.002 0 0 0 0 0 0.002 0.002 0.002 0.002 0.002 0.002 0.004 0.004 0.004 0.009 0.009 0.009 0.011 0.011 0.011 0.003 0.003 0 0 0 0.007 0.007 0.007 0.005 0.005 0.005 0.002 0.002 0.002 0 0 0 0 0 0 0 0 0.001 0.001 0.001 0 0 0 0 0 0 0 0 0 0.002 0.002 0.002 0 0 0 0 0 0 0 0 0.002 0.002 0.002 0.002 0.002 0.002 0 0 0 0.001
0.002 0.002 0.002 0.001 0.001 0.001 0.002 0.002 0.002 0 0 0 0 0 0.002 0.002 0.002 0.002 0.002 0.002 0.004 0.004 0.004 0.009 0.009 0.009 0.011 0.011 0.011 0.003 0.003 0 0 0 0.007 0.007 0.007 0.005 0.005 0.005 0.002 0.002 0.002 0 0 0 0 0 0 0 0 0.001 0.001 0.001 0 0 0 0 0 0 0 0 0 0.002 0.002 0.002 0 0 0 0 0 0 0 0 0.002 0.002 0.002 0.002 0.002 0.002 0 0 0 0.001
0.002 0.002 0.002 0.001 0.001 0.001 0.002 0.002 0.002 0 0 0 0 0 0.002 0.002 0.002 0.002 0.002 0.002 0.004 0.004 0.004 0.009 0.009 0.009 0.011 0.011 0.011 0.003 0.003 0 0 0 0.007 0.007 0.007 0.005 0.005 0.005 0.002 0.002 0.002 0 0 0 0 0 0 0 0 0.001 0.001 0.001 0 0 0 0 0 0 0 0 0 0.002 0.002 0.002 0 0 0 0 0 0 0 0 0.002 0.002 0.002 0.002 0.002 0.002 0 0 0 0.001
0.001 0.001 0.001 0 0 0 0.001 0.001 0.001 0 0 0 0 0 0.001 0.001 0.001 0 0 0 0.005 0.005 0.005 0.004 0.004 0.004 0.003 0.003 0.003 0 0 0.002 0.002 0.002 0.002 0.002 0.002 0 0 0 0.001 0.001 0.001 0 0 0 0 0 0 0 0 0 0 0 0 0 0 0 0 0 0 0 0 0.007 0.007 0.007 0 0 0 0 0 0.001 0.001 0.001 0.001 0.001 0.001 0.001 0.001 0.001 0 0 0 0.001
