Madagascar1218CLEAN/DATA/slopedem.txt
ncols         251
nrows         471
xllcorner     43.217484268189
yllcorner     -25.606154098314
cellsize      0.029
NODATA_value  -9999
[rows 186 to 216 of 471, columns 140 to 209 of 251]
89.992 89.9884 89.994 89.9926 89.9849 89.9914 89.9951 89.9891 89.9923 89.9951 89.9959 89.9936 89.9861 89.9685 89.98 89.9182 89.983 89.629 89.9779 89.9871 89.984 89.9844 89.9956 89.9895 89.9643 89.9962 89.9902 89.9845 89.9944 89.9873 89.9718 89.9822 89.9754 89.9782 89.9772 89.9911 89.9615 89.9289 89.9829 89.9399 89.9931 89.9769 89.573 89.9778 0 89.9726 89.953 89.9875 89.9255 89.9857 89.9758 89.9792 89.9774 89.9899 89.9779 89.9749 89.9932 89.9906 89.9792 89.9931 89.9847 89.9909 89.9936 89.9729 89.9875 89.9808 89.9767 89.9812 89.9841 89.9654
89.9761 89.9967 89.9944 89.9899 89.9935 89.9905 89.9772 89.9965 89.9944 89.9967 89.9949 89.9209 89.9906 89.869 89.9875 89.9817 89.9782 89.9826 89.9963 89.9967 89.9814 89.9911 89.9962 89.9764 89.9842 89.9951 89.9679 89.9831 89.993 89.9874 89.9317 89.9686 89.9762 89.9771 89.9813 89.9886 89.9497 89.952 89.8453 89.7299 89.8368 89.3961 89.3248 0 0 89.4598 89.9371 89.9541 89.989 89.961 89.9782 89.9793 89.9878 89.9882 89.9815 89.9844 89.9932 89.9913 89.9946 89.9757 89.992 89.9922 89.9831 89.9414 89.9841 89.9444 89.9749 89.9789 89.9403 89.9899
89.9869 89.9881 89.9817 89.9756 89.9944 89.9892 89.9831 89.974 89.9957 89.9938 89.9931 89.9833 89.979 89.9881 89.9653 89.9896 89.9888 89.9793 89.9881 89.9913 89.955 89.9959 89.9932 89.9972 89.9904 89.9949 89.9884 89.9852 89.9853 89.9631 89.9748 89.9802 89.986 89.9931 89.9728 89.9735 89.8664 89.7757 89.4598 89.2509 89.556 88.6498 89.0998 0 89.9637 89.9738 89.9713 89.7584 89.9708 89.9102 89.992 89.9731 89.9869 89.9668 89.8666 89.9765 89.9937 89.9953 89.9818 89.9498 89.9936 89.9867 89.994 89.9927 89.9936 89.9713 89.973 89.9569 89.7631 89.9559
89.9749 89.9873 89.9798 89.9838 89.9944 89.9934 89.9882 89.974 89.9942 89.9922 89.9942 89.9947 89.9824 89.9916 89.9621 89.9961 89.9939 89.9828 89.9888 89.9765 89.9825 89.996 89.965 89.9676 89.9942 89.9803 89.9872 89.9693 89.988 89.989 89.9858 89.9845 89.9585 89.947 89.9888 89.9739 89.686 89.618 88.0909 89.5499 89.686 89.0452 89.4598 0 89.9583 89.9824 89.9439 89.9612 89.9747 89.9914 89.9886 89.9922 89.9902 89.9729 89.98 89.9871 89.9969 89.9822 89.9923 89.9949 89.9862 89.9907 89.9668 89.9917 89.9942 89.9693 89.9807 89.7684 89.9845 89.9716
89.9861 89.9852 89.9954 89.9921 89.9507 89.9814 89.944 89.9869 89.9847 89.9948 89.9944 89.9966 89.9829 89.9872 89.9849 89.9843 89.9557 89.9829 89.9956 89.9873 89.9935 89.9876 89.9885 89.9713 89.9871 89.9131 89.9682 89.9595 89.9645 89.9902 89.9731 89.973 89.9691 89.9829 89.9824 89.9755 89.6142 89.665 89.146 89.4703 89.0998 89.6454 0 89.9311 89.9721 89.9736 89.981 89.9717 89.9844 89.9947 89.9929 89.9956 89.9785 89.9898 89.9939 89.9872 89.994 89.9942 89.9604 89.9929 89.9949 89.9913 89.9972 89.9895 89.9923 89.9603 89.9504 89.707 89.9922 89.9752
89.9919 89.9333 89.9846 89.9932 89.9903 89.9651 89.9748 89.9517 89.8596 89.9901 89.9936 89.9917 89.9954 89.9833 89.9903 89.9894 89.9837 89.9586 89.9889 89.9897 89.9934 89.992 89.9966 89.9896 89.9674 89.9835 89.9938 89.9964 89.9887 89.9849 89.9787 89.9509 89.9769 89.9831 89.9525 89.9805 89.3248 89.3961 89.5974 89.665 89.618 0 88.6498 89.9783 89.9887 89.9603 89.9835 89.9936 89.9964 89.9958 89.9953 89.9868 89.9945 89.8577 89.9891 89.9927 89.9814 89.9958 89.9963 89.9953 89.9808 89.9967 89.9924 89.9911 89.9747 89.9812 89.9939 89.9917 89.9926 89.9955
89.9692 89.9893 89.9859 89.9958 89.9899 89.9921 89.9839 89.9889 89.9764 89.9747 89.9934 89.9912 88.6498 89.9552 89.9832 89.9621 89.984 89.9456 89.9697 89.9281 89.9949 89.9923 89.9937 89.9941 89.9876 89.9909 89.9693 89.9703 89.9869 89.9761 89.9656 89.9727 89.9775 89.9801 89.9919 88.6498 89.4985 89.345 87.301 87.301 89.5782 89.0452 89.9069 89.9845 89.9804 89.9594 89.9898 89.9957 89.9871 89.9959 89.9931 89.9962 89.9959 89.9916 89.9884 89.9925 89.9768 89.9916 89.9969 89.9945 89.9926 89.9949 89.9958 89.9881 89.9509 89.9904 89.9921 89.9928 89.9735 89.9944
89.9621 89.9737 89.9557 89.9923 89.965 89.9937 89.9961 89.9958 89.9853 89.9859 89.9895 89.9819 89.9767 89.9939 89.9852 89.9812 89.9705 89.9567 89.9958 89.9815 89.9874 89.9921 89.9903 89.9802 89.9837 89.9923 89.9655 89.9884 89.9885 89.9788 89.9782 89.9824 89.9821 89.9361 89.9857 89.146 89.146 88.0909 87.301 87.301 89.7137 0 89.9716 89.9526 89.9822 89.9744 89.9664 89.9922 89.9861 89.9896 89.9855 89.9909 89.9951 89.9939 89.9904 89.9934 89.9924 89.9968 89.9638 89.9775 89.9963 89.9607 89.9907 89.9943 89.896 89.9375 89.9836 89.9903 89.9578 89.9551
89.9646 89.9821 89.9545 89.9891 89.9761 89.9933 89.995 89.9739 89.9505 89.9958 89.9805 89.9913 89.9891 89.9952 89.9908 89.9754 89.9746 89.8419 89.9956 89.9828 89.9947 89.9962 89.9872 89.9772 89.9546 89.9932 89.9906 89.9675 89.9565 89.9757 89.9621 89.9462 89.9515 89.2509 89.9591 88.7923 0 89.146 89.2509 89.0998 89.7299 0 89.9838 89.9703 89.9679 89.9922 89.969 89.9829 89.9946 89.9697 89.9878 89.9874 89.9969 89.9919 89.99 89.987 89.9889 89.9965 89.9961 89.9508 89.9881 89.9899 89.9893 89.9954 89.9728 89.9332 89.9396 89.9879 89.9893 89.9924
89.9836 89.9841 89.9952 89.9824 89.956 89.983 89.9933 89.9934 89.9935 89.9925 89.9797 89.9924 89.9912 89.993 89.9617 89.9837 89.9635 89.9887 89.9922 89.9766 89.9934 89.9824 89.99 89.985 89.9882 89.9931 89.9899 89.7684 89.9834 89.9295 89.9517 89.9697 89.6817 88.0909 89.8817 89.4598 89.146 89.0452 88.0909 87.301 89.778 88.0909 89.9925 89.992 89.9797 89.9824 89.9938 89.9924 89.9785 89.9856 89.9823 89.9942 89.9964 89.9956 89.9957 89.9948 89.9754 89.9941 89.9952 89.9944 89.9938 89.993 89.9909 89.9965 89.9647 89.901 89.9943 89.9663 89.991 89.9936
89.9827 89.97 89.9933 89.9591 89.9717 89.9849 89.8983 89.9864 89.9947 89.8389 89.9955 89.9822 89.993 89.955 89.9777 89.9948 89.9975 89.9955 89.9753 89.9942 89.9938 89.9949 89.9937 89.9909 89.9933 89.9894 89.9912 89.9834 89.9795 89.9867 89.9843 89.8664 89.9294 89.2509 89.7377 89.345 89.5368 88.0909 87.301 89.4703 89.0452 89.7976 89.9955 89.9546 89.9753 89.9734 89.992 89.9963 89.993 89.9902 89.9893 89.9887 89.9941 89.9962 89.9925 89.9931 89.9711 89.985 89.9775 89.9821 89.9899 89.9766 89.9935 89.9625 89.9831 89.9942 89.9961 89.9773 89.9932 89.9722
89.9873 89.9912 89.9509 89.9836 89.9779 89.9715 89.9686 89.9562 89.9895 89.9927 89.9923 89.9887 89.9941 89.9873 89.9955 89.9944 89.9948 89.991 89.9905 89.9934 89.9719 89.9946 89.9726 89.9926 89.9816 89.9887 89.9886 89.9698 89.9913 89.986 89.9369 89.8341 89.893 89.556 89.0998 88.7923 87.301 88.7923 89.6142 88.7923 89.9603 89.9795 89.9939 89.9659 89.9769 89.9587 89.9857 89.9856 89.9959 89.9939 89.9972 89.9933 89.9882 89.9888 89.9903 89.9912 89.9904 89.9902 89.9766 89.9936 89.9965 89.9913 89.9962 89.992 89.996 89.996 89.98 89.9865 89.9889 89.9505
89.9608 89.9946 89.992 89.9699 89.9505 89.9703 89.9892 89.9844 89.9905 89.9874 89.9885 89.9827 89.996 89.9956 89.995 89.9949 89.9852 89.9944 89.9909 89.9966 89.9967 89.992 89.9926 89.9745 89.9841 89.9916 89.9743 89.9784 89.9926 89.989 89.9607 89.7459 89.0452 87.301 88.0909 89.5368 88.0909 89.345 89.146 89.0998 89.9859 89.9755 89.9931 89.9895 89.9821 89.7584 89.926 89.9861 89.9833 89.9921 89.9832 89.948 89.8906 89.9924 89.9936 89.9954 89.994 89.9942 89.9802 89.9969 89.9743 89.9953 89.9846 89.9964 89.9968 89.9886 89.9894 89.9896 89.9848 89.9779
89.9844 89.974 89.9864 89.9429 89.9903 89.9041 89.9831 89.9801 89.9869 89.9895 89.9372 89.9977 89.995 89.9977 89.9964 89.9954 89.9929 89.9963 89.9757 89.9918 89.99 89.9883 89.9888 89.9596 89.9942 89.996 89.9871 89.9851 89.9859 89.9892 89.9652 89.4703 89.6255 89.3961 88.7923 89.7017 89.3961 89.0998 89.345 89.8325 89.9897 89.9703 89.9905 89.9836 89.9762 89.9566 89.987 89.9547 89.9893 89.9664 89.9694 89.9609 89.987 89.9877 89.9933 89.996 89.9895 89.9959 89.9961 89.9958 89.9938 89.9878 89.9884 89.9905 89.9875 89.9724 89.9756 89.9958 89.9928 89.9918
89.9882 89.9456 89.9313 89.996 89.9977 89.9937 89.9512 89.9586 89.9926 89.9968 89.9957 89.9957 89.9966 89.9928 89.9928 89.9877 89.9929 89.9959 89.9855 89.9963 89.9861 89.979 89.9829 89.9679 89.961 89.9689 89.9778 89.9781 89.9842 89.9752 89.8902 89.9707 88.7923 89.345 89.2509 89.826 89.9815 89.556 89.5782 89.872 89.9758 89.9747 89.995 89.9774 89.9743 89.9891 89.9382 89.9816 89.9345 89.9686 89.9694 89.9829 89.9932 89.988 89.9898 89.9926 89.9932 89.9958 89.9965 89.9873 89.9955 89.9948 89.9877 89.988 89.9575 89.9869 89.9878 89.9918 89.9938 89.9774
89.9854 89.9952 89.9982 89.9908 89.9863 89.9965 89.9961 89.9896 89.9924 89.9913 89.9976 89.9967 89.9958 89.9922 89.9935 89.9848 89.9946 89.9945 89.9962 89.9722 89.9958 89.9967 89.9939 89.9893 89.9719 89.966 89.872 89.9801 89.9551 89.9894 89.872 89.8856 89.0998 89.3248 89.556 89.618 89.9738 89.9425 89.8419 89.7555 89.9596 89.982 89.995 89.995 89.9903 89.9795 89.9578 89.9414 89.9729 89.9844 89.852 89.9906 89.9807 89.9835 89.9943 89.9924 89.9965 89.9942 89.9958 89.9945 89.9935 89.995 89.9901 89.9791 89.9843 89.9928 89.9678 89.9814 89.9891 89.9812
89.9731 89.9904 89.9979 89.9836 89.9947 89.9927 89.9897 89.9832 89.9938 89.9959 89.9946 89.9906 89.9937 89.9955 89.9935 89.9946 89.9938 89.9929 89.9954 89.9808 89.5368 89.9831 89.9881 89.9863 89.9768 89.9843 89.9727 89.9428 89.9894 89.9833 89.9032 89.9577 89.7631 89.7377 89.8315 89.849 89.9794 89.9358 89.9792 89.984 89.9949 89.9848 89.9876 89.9885 89.9572 89.9784 89.9682 89.9664 89.9938 89.9919 89.944 89.9948 89.976 89.9889 89.9914 89.9926 89.9959 89.9904 89.9955 89.9957 89.9913 89.9783 89.9903 89.9963 89.9953 89.9953 89.9919 89.9922 89.9919 89.9773
89.9816 89.9553 89.9821 89.9971 89.9967 89.9959 89.982 89.9861 89.995 89.9957 89.9914 89.9634 89.9934 89.997 89.9893 89.9829 89.8315 89.99 89.9932 89.9927 89.9738 89.9499 89.9794 89.9641 89.9872 89.9791 89.9785 89.9502 89.9899 89.9861 88.6498 89.9842 89.872 89.573 89.9663 89.9781 89.9804 89.9808 89.9847 89.9895 89.9547 89.988 89.9856 89.9488 89.9868 89.973 89.9914 89.9924 89.7976 89.9619 89.9961 89.9828 89.9752 89.9942 89.9886 89.9811 89.9942 89.988 89.9946 89.9771 89.9948 89.9974 89.9942 89.9935 89.9869 89.9929 89.9818 89.9925 89.9928 89.9865
89.9938 89.9228 89.9341 89.9911 89.9911 89.97 89.9846 89.9747 89.9948 89.9953 89.994 89.9878 89.9432 89.964 89.9905 89.9951 89.9587 89.9916 89.9919 89.9949 89.9767 89.9953 89.9339 89.9729 89.9933 89.9825 89.9795 89.9479 89.9915 89.9691 89.9576 89.9872 89.9631 89.921 89.9892 89.9924 89.9921 89.9706 89.9637 89.9949 89.9937 89.9953 89.9824 89.9598 89.9828 89.9925 89.987 89.9883 89.9911 89.9917 89.9925 89.9909 89.9841 89.9894 89.9915 89.9892 89.9951 89.9868 89.9746 89.9943 89.9969 89.987 89.9694 89.9952 89.9934 89.9865 89.9837 89.9919 89.9745 89.9854
89.995 89.9868 89.9916 89.9926 89.9932 89.976 89.9364 89.9882 89.9952 89.9909 89.9919 89.9811 89.9502 89.9829 89.9674 89.9934 89.9904 89.9788 89.9921 89.9922 89.9898 89.9945 89.9901 89.9777 89.9912 89.9889 89.9613 89.878 89.9897 89.9477 89.961 89.9805 89.8656 89.9217 89.9783 89.9955 89.8792 89.9834 89.9789 89.8977 89.9797 89.9923 89.9886 89.9549 89.8658 89.9903 89.9883 89.9894 89.9905 89.9858 89.9862 89.9947 89.9938 89.9158 89.9945 89.9929 89.9938 89.9913 89.9959 89.9959 89.9932 89.9947 89.9899 89.9964 89.9903 89.9946 89.9964 89.9946 89.9932 89.9264
89.9889 89.9865 89.981 89.9682 89.992 89.9789 89.9888 89.9946 89.9919 89.993 89.9943 89.9957 89.9928 89.9883 89.9919 89.977 89.9779 89.9847 89.9911 89.9796 89.9745 89.9855 89.974 89.9766 89.9675 89.9217 89.9446 89.9643 89.9868 89.9861 89.9624 89.9898 89.9622 89.9737 89.9751 89.9929 89.992 89.9891 89.9929 89.952 89.9884 89.8817 89.9956 89.9958 89.9378 89.9937 89.9772 89.9634 89.9919 89.9939 89.9952 89.9956 89.9823 89.9878 89.9942 89.9954 89.9865 89.9795 89.9943 89.9964 89.9975 89.9937 89.995 89.9839 89.9824 89.9876 89.9934 89.9839 89.9845 89.986
89.9953 89.9956 89.9944 89.9921 89.984 89.7153 89.9886 89.9471 89.9835 89.9952 89.9926 89.9932 89.9618 89.9867 89.9798 89.9796 89.9513 89.9781 89.9701 89.9514 89.9805 89.9708 89.7503 89.9925 89.9455 89.9753 89.9596 89.9386 89.9801 89.9889 89.988 89.9905 89.9595 89.9788 89.9702 89.9905 89.9952 89.9723 89.9904 89.9709 89.9739 89.9917 89.9934 89.992 89.9827 89.9939 89.9828 89.9764 89.9803 89.9863 89.9935 89.9845 89.9872 89.9705 89.983 89.9965 89.997 89.9928 89.9898 89.9979 89.9909 89.9962 89.9956 89.9924 89.9839 89.976 89.9924 89.9773 89.9818 89.9743
89.9948 89.9829 89.9939 89.9946 89.9779 89.9953 89.9882 89.4985 89.9895 89.9973 89.991 89.9902 89.9879 89.9965 89.944 89.9408 89.8727 89.9864 89.972 89.9813 89.9803 89.9558 89.9615 89.9937 89.9727 89.951 89.9711 89.9697 89.9563 89.9758 89.9432 89.9822 89.9706 89.9781 89.9755 89.9892 89.9914 89.9732 89.9943 89.9722 89.9814 89.9928 89.9962 89.9873 89.989 89.9893 89.9885 89.9878 89.985 89.977 89.9779 89.9918 89.9951 89.9536 89.9942 89.9944 89.9885 89.9915 89.9971 89.9978 89.9937 89.9957 89.9943 89.9947 89.9937 89.9951 89.9868 89.9824 89.9834 89.978
89.9862 89.9893 89.993 89.9786 89.9913 89.9879 89.9788 89.9794 89.9682 89.9766 89.9977 89.9979 89.964 89.9939 89.9613 89.9762 89.9601 89.9653 89.9635 89.9865 89.9877 89.98 89.9758 89.9833 89.99 89.9814 89.9555 89.9804 89.9792 89.9899 89.9757 89.9513 89.9146 89.9562 89.9731 89.9896 89.9884 89.9917 89.9853 89.9585 89.995 89.8986 89.9686 89.9957 89.9813 89.9908 89.9811 89.9371 89.9808 89.9791 89.9484 89.8535 89.9963 89.9943 89.9933 89.9902 89.9951 89.98 89.9934 89.9907 89.9962 89.9964 89.9832 89.9957 89.9837 89.9939 89.9927 89.9893 89.9277 89.9545
89.9924 89.9887 89.993 89.9227 89.9842 89.9801 89.9906 89.9682 89.9126 89.9696 89.9942 89.975 89.9897 89.9957 89.9901 89.986 89.9956 89.9899 89.9898 89.994 89.9854 89.9792 89.9645 89.9736 89.9884 89.9872 89.9686 89.9597 89.9661 89.9483 89.9641 89.9824 89.9585 89.9755 89.9723 89.994 89.9699 89.9939 89.9819 89.9542 89.9669 89.9754 89.9896 89.9905 89.9702 89.9926 89.8932 89.9788 89.9592 89.905 89.9874 89.9872 89.9917 89.9948 89.9704 89.9967 89.9942 89.9918 89.9774 89.9862 89.9953 89.9961 89.995 89.9971 89.9948 89.9953 89.9832 89.665 89.9697 89.9742
89.9885 89.9948 89.9949 89.9264 89.9891 89.9832 89.9922 89.9879 89.9899 89.7976 89.9903 89.9932 89.9854 89.9904 89.9814 89.9923 89.9769 89.9941 89.9855 89.957 89.9894 89.9881 89.9442 89.9664 89.994 89.9406 89.9638 89.9671 89.9633 89.9725 89.9653 89.9927 89.9526 89.8968 89.9911 89.9899 89.9661 89.9814 89.9653 89.9632 89.9572 89.9576 89.8199 89.9878 89.93 89.9876 89.9861 89.9874 89.9859 89.9923 89.9885 89.9761 89.9948 89.9945 89.9974 89.994 89.9959 89.9938 89.9822 89.9943 89.9914 89.9893 89.9923 89.9911 89.9956 89.9924 89.991 89.9851 89.987 89.9769
89.9924 89.9937 89.9969 89.9898 89.9778 89.9845 89.9878 89.9757 89.9822 89.9894 89.99 89.9946 89.9848 89.914 89.9823 89.9095 89.9214 89.9891 89.9861 89.9654 89.9703 89.9696 89.9559 89.9853 89.9898 89.9883 89.983 89.9823 89.9819 89.9877 89.9878 89.9818 89.9764 89.9556 89.9892 89.9926 89.9415 89.9811 89.9607 89.9753 89.9715 89.9878 89.7584 89.9766 89.9719 89.9892 89.974 89.9866 89.9904 89.9923 89.943 89.9934 89.9969 89.9971 89.9969 89.9926 89.9943 89.9954 89.997 89.9807 89.9649 89.9866 89.976 89.9838 89.8877 89.993 89.9876 89.9189 89.9811 89.9372
89.9921 89.9957 89.9874 89.9957 89.9889 89.9847 89.9585 89.9759 89.9793 89.9908 89.9952 89.9863 89.989 89.9535 89.968 89.9297 89.9399 89.9807 89.9938 89.9898 89.9869 89.9819 89.9796 89.9702 89.9946 89.9388 89.9446 89.9826 89.9786 89.9649 89.9717 89.9797 89.9631 89.944 89.9886 89.9926 89.9663 89.9086 89.94 89.8923 89.9593 89.969 89.9221 89.9502 89.9755 89.9879 89.9808 89.94 89.9716 89.9821 89.9832 89.9967 89.9906 89.9865 89.9981 89.9976 89.996 89.9824 89.9969 89.9872 89.9931 89.9958 89.9884 89.9939 89.9865 89.9869 89.9537 89.9846 89.9712 89.9631
89.9923 89.9959 89.9629 89.994 89.9937 89.9711 89.9719 89.9837 89.9791 89.988 89.9924 89.9931 89.9933 89.7891 89.9751 89.9021 89.9735 89.9961 89.9896 89.9693 89.9818 89.983 89.9735 89.9881 89.9861 89.9907 89.9669 89.9786 89.976 89.9733 89.9728 89.9386 89.9791 89.892 89.9905 89.9799 89.979 89.9833 89.9751 89.9669 89.9853 89.905 88.6498 89.9322 89.9859 89.9718 89.9896 89.9662 89.9674 89.9846 89.9861 89.995 89.9962 89.9936 89.9925 89.9977 89.9962 89.9958 89.9807 89.9961 89.9943 89.9872 89.9449 89.9747 89.9623 89.9373 89.989 89.9528 89.9659 89.9725
89.9962 89.9897 89.991 89.9899 89.9858 89.9939 89.9818 89.985 89.98 89.9869 89.9701 89.9322 89.9882 89.9834 89.8341 89.9357 89.665 89.9916 89.9566 89.9852 89.9714 89.9643 89.9673 89.9763 89.9798 89.9924 89.9671 89.9787 89.9696 89.9797 89.9484 89.8056 89.9588 89.8826 89.9886 89.9947 89.9838 89.9542 89.9586 89.9644 89.9527 89.826 89.9544 89.9693 89.9488 89.9786 89.9799 89.9658 89.9872 89.9837 89.9926 89.9931 89.9966 89.9924 89.9826 89.9971 89.9885 89.9891 89.9932 89.9915 89.993 89.9955 89.9731 89.9765 89.9812 89.9735 89.9601 89.9456 89.9718 89.9653
89.9947 89.9919 89.9867 89.9936 89.9961 89.9849 89.9771 89.9799 89.994 89.9924 89.9813 89.9816 89.9916 89.9912 89.9781 89.9351 89.9577 89.9431 89.9953 89.9897 89.9851 89.9679 89.9899 89.9708 89.9777 89.996 89.9123 89.9894 89.9734 89.9789 89.964 89.9682 89.977 89.9641 89.9898 89.9931 89.9849 89.9845 89.9498 89.9874 89.9808 89.9831 89.992 89.9688 89.9466 89.9809 89.973 89.9831 89.9429 89.9602 89.9926 89.9734 89.995 89.9954 89.9972 89.9976 89.9873 89.9728 89.9948 89.9866 89.9724 89.9898 89.9796 89.9884 89.8656 89.9069 89.9497 89.9179 89.7976 89.8145
