Madagascar1218CLEAN/DATA/sloperightz.txt
ncols         251
nrows         471
xllcorner     43.217484268189
yllcorner     -25.606154098314
cellsize      0.029
NODATA_value  -9999
[rows 403 to 433 of 471, columns 70 to 139 of 251]
55.8892 79.0536 83.9325 86.252 87.4237 85.8921 -9999 85.9759 79.45 83.0111 81.6549 82.6089 83.3337 83.6907 87.3038 86.8272 75.7504 82.6216 85.0221 86.3112 89.2176 89.2535 83.4704 85.8204 88.284 89.4892 89.255 87.3385 89.6467 89.7315 89.2516 89.0832 89.6891 89.4684 89.1907 89.4123 89.3625 89.438 89.561 89.5676 88.7566 84.1472 88.7254 89.5386 89.094 89.5565 89.5806 89.476 89.4652 87.065 88.1458 88.5502 89.2638 89.6457 89.0313 89.3268 87.9193 89.4466 89.0598 89.389 89.4328 88.8252 89.0637 88.7332 87.0959 88.4523 89.5734 88.4494 87.9296 88.9227
82.2272 82.3423 82.4818 83.4211 84.4817 86.0428 -9999 86.3062 86.136 70.9965 82.9395 82.9395 67.731 64.7184 85.6218 83.5204 85.5082 85.9192 85.1901 85.5601 85.5819 89.355 85.8135 85.971 88.2276 88.4256 84.1371 89.062 89.5398 89.3362 88.8422 88.6501 87.9762 89.2219 89.4961 89.3874 86.289 88.968 88.9141 89.3169 88.8958 89.1864 89.1589 89.37 88.2194 89.4576 89.1194 88.1803 89.0223 89.366 89.483 89.613 88.8246 89.6695 88.1594 89.0283 87.5898 86.8415 89.5283 89.3001 84.9877 89.4276 88.2773 89.4646 88.875 89.5209 89.6049 86.7518 87.6752 70.7776
83.4512 85.3883 83.7157 82.3619 79.53 85.7582 -9999 81.2273 75.214 81.2273 80.1166 87.7977 89.3423 89.5697 89.6162 88.0287 86.5001 86.8955 84.3677 84.4774 86.1251 89.4878 88.7256 89.0982 89.4775 84.5036 87.9851 89.3613 88.9888 87.2244 88.2754 84.4859 89.3536 89.3192 88.7571 88.9099 89.1193 89.3718 87.1698 89.0607 87.8839 87.9571 89.2514 89.5802 88.9995 89.3134 89.3372 89.3427 89.262 89.6326 88.6016 88.9467 89.2797 89.6967 89.3525 88.086 88.651 89.6007 89.4839 89.5024 89.6526 89.6779 88.905 85.3179 88.7798 89.5543 89.8392 89.1311 86.9385 88.7441
80.3725 83.239 80.9666 85.6816 84.3999 82.0318 -9999 84.5437 80.5729 82.6165 83.2448 89.3707 89.3368 81.5623 89.5375 89.5738 78.4673 86.3194 86.9465 86.418 88.1219 77.9105 89.1798 89.4408 89.5625 88.8946 78.1155 89.6193 89.6429 88.2936 88.3385 80.962 89.1745 89.0025 88.8761 84.9948 89.3859 89.5189 88.9283 86.3287 88.2764 89.4668 86.321 88.9706 88.5202 86.9045 89.457 85.6577 89.6426 89.1979 89.6133 89.5486 89.0315 89.409 89.0852 89.2706 88.7259 89.2892 89.6168 89.3194 89.5891 89.1407 88.3907 89.1658 89.4356 89.4822 89.7638 89.8052 88.3274 87.7393
83.4704 85.0221 84.1672 84.47 83.3114 83.5068 -9999 85.8327 85.7471 83.6844 83.6317 85.6494 81.9935 86.0597 88.2562 83.771 87.0674 84.6931 88.2672 89.4578 89.6929 89.3635 88.0251 89.183 89.0842 89.5674 88.6355 89.6824 89.5944 89.0192 89.1292 86.4599 89.393 89.4566 89.4434 88.6273 87.8935 88.2418 88.9307 88.8738 88.7605 89.4489 89.0475 89.3546 89.1605 88.6087 89.3071 83.3114 89.1938 87.9265 89.5835 89.607 89.1213 89.162 89.4072 89.531 89.1277 85.479 88.9827 89.5159 89.3309 89.1902 88.1443 89.4357 89.5346 89.3493 89.7573 89.7175 89.707 87.3773
82.4977 82.9062 85.5201 84.0228 85.5419 78.8768 -9999 89.1303 86.2881 81.709 86.1123 84.6311 83.7845 89.2479 89.4093 83.9492 87.4075 87.3827 88.1763 88.8191 89.7299 89.6665 89.3125 88.8783 87.0079 89.5852 89.1642 87.9483 89.2793 89.3304 89.1561 88.3791 89.2506 89.1722 89.367 89.5597 88.4224 89.0419 89.2605 89.4194 89.6854 88.7872 89.5913 89.314 89.373 86.8726 89.081 89.1322 86.3842 88.6161 88.643 89.0282 89.6437 89.3165 89.3902 89.1978 89.3825 89.3147 89.2129 89.4165 89.3883 89.23 86.6558 89.1493 89.0984 89.6454 89.7676 89.2956 89.3834 88.8971
85.6266 86.7494 82.0602 85.1613 84.8046 83.8944 -9999 82.4089 79.6571 85.5694 86.5779 84.3598 84.8463 89.7343 89.4044 82.8519 84.8046 85.3308 89.0113 89.4342 89.5679 89.2033 89.4435 89.5547 89.0561 89.6391 89.6385 89.5993 89.4897 89.2068 87.3956 88.6939 88.2249 89.1776 89.6347 89.3921 85.1747 88.8458 89.1045 88.603 89.275 88.9101 88.6825 88.7306 89.4188 89.3625 89.2166 88.4038 89.137 89.0395 89.4764 88.0973 89.6252 89.4949 89.2037 88.4633 89.2958 81.1761 89.4997 89.6023 88.0872 89.1288 87.6318 88.825 89.6605 89.5871 89.7076 88.0763 88.8187 89.0615
85.7457 82.4334 83.2678 82.9723 84.4043 87.3404 -9999 86.5256 87.4473 83.3132 81.9838 82.4334 85.6181 89.6705 88.8791 88.6847 85.6906 84.3922 89.1536 89.3379 89.2261 88.8836 89.5085 89.3861 84.3384 89.212 89.0674 89.404 88.3756 86.8358 87.7676 89.356 83.2659 88.963 89.4336 89.394 89.3525 89.5805 89.5682 89.8135 89.6549 89.5624 89.1805 88.1872 89.4924 88.8027 88.2675 89.4295 89.4031 88.7368 87.2105 89.4782 89.3052 89.2266 89.3714 89.0253 89.3737 89.5154 89.3734 89.528 89.2427 82.4765 89.2203 89.2272 89.6745 89.6234 89.7566 89.4716 89.7147 89.0885
74.68 87.9493 83.2078 86.0287 84.3811 84.6648 -9999 83.3057 84.0743 83.7466 83.1501 84.7182 84.6648 89.5669 82.3423 88.4903 85.0436 83.1501 86.5456 89.7389 88.4431 89.6792 89.106 86.1328 86.222 89.6633 89.3246 89.2529 89.4872 88.7951 87.9624 88.2738 88.3629 89.4355 89.6977 89.7669 89.3932 88.8904 89.2182 89.6018 89.3885 89.7713 89.5735 89.209 88.9706 89.364 89.3602 89.367 88.4624 88.5375 89.313 89.6045 89.109 88.6387 88.9414 85.8808 89.5413 89.7001 89.0579 88.9467 89.6596 89.2196 88.3645 89.1957 89.5244 89.805 89.7309 89.2801 88.1736 88.9815
76.8002 88.2578 85.2273 84.7547 84.4174 82.2036 -9999 82.5475 85.795 84.2993 81.2942 72.0974 86.2609 68.5185 84.2005 88.8845 89.3892 82.3423 86.9065 89.7251 89.4925 89.4876 89.3128 89.3946 89.2783 88.7545 88.1537 89.4123 89.0406 88.6119 88.8479 89.4043 85.9925 88.527 89.5186 89.383 86.8306 88.7211 86.2142 89.549 89.5177 89.4619 89.6892 88.9854 88.9754 88.9948 89.2319 89.4904 85.5606 89.4893 88.8997 89.6568 89.5146 89.4222 89.633 89.4185 89.3775 89.5811 89.3589 89.3688 89.6299 89.5499 89.714 89.7442 89.8312 89.6156 89.5374 89.5488 89.5816 88.6493
82.8033 87.1375 84.1956 85.9102 83.285 85.4224 -9999 89.6208 89.6298 82.1677 84.3655 82.4307 86.0393 86.836 89.7959 89.5697 89.6598 88.983 86.7316 89.4757 89.6322 89.552 89.5244 89.5997 89.2264 88.4467 88.1123 88.8086 89.1489 88.7469 89.4434 89.6492 89.1075 89.5958 89.3677 86.0393 86.1618 89.5516 87.9418 89.3195 89.3701 88.212 88.5684 89.7885 88.8764 88.1245 88.8609 88.8747 89.139 89.179 89.1716 89.5641 89.4219 88.1429 89.5853 89.2698 89.4649 89.7437 87.7482 89.4983 87.9923 89.6043 89.7921 89.3125 89.6323 89.8046 89.4369 87.4063 87.1885 87.0602
77.9436 85.1747 82.7963 82.6291 79.0781 83.4157 -9999 88.97 89.0868 74.986 86.1908 86.289 83.5958 88.6903 89.6418 89.1728 89.6575 88.4051 87.5046 89.3081 89.544 89.631 88.8575 89.159 89.1226 87.7184 88.7113 89.1509 89.7015 89.638 89.6714 89.3676 89.4035 89.3828 89.3837 86.3687 86.6314 86.5704 87.8715 84.2818 84.569 89.252 89.554 89.5504 89.617 89.3693 89.7077 89.5672 89.4068 89.0498 89.3184 83.3114 88.8384 85.2716 89.3022 89.4382 88.9758 89.7468 89.5548 89.0949 86.8893 89.3799 89.0517 88.9572 89.111 89.8116 89.7357 87.859 82.815 85.5474
85.2109 84.583 81.0754 84.1956 82.6216 83.0765 -9999 89.4958 89.6559 87.8216 88.051 82.2854 83.5475 86.6077 88.7208 89.739 89.6167 89.6073 89.1929 89.5028 89.3642 89.386 89.1669 89.4079 89.1552 73.4967 89.3058 89.6135 89.266 89.5046 89.4437 89.1848 89.1929 86.8974 88.6171 85.6266 86.0283 83.6606 87.9213 88.1213 89.3271 89.3339 89.4005 88.9922 87.7287 88.5424 88.9509 89.7191 89.6774 89.5222 89.3775 88.2922 88.7341 89.0541 88.5556 89.2796 89.5955 89.6983 89.4637 86.9012 89.6383 89.6333 89.7254 89.4733 89.4256 89.7373 89.7481 89.4056 85.9644 88.4798
83.4157 84.1547 85.9016 81.9546 83.8307 80.3725 -9999 85.6664 85.3939 82.6689 89.1381 79.6152 83.6446 88.0536 89.7973 88.7451 89.3354 89.4623 89.4052 89.0141 88.9775 88.5516 88.2057 89.7732 89.5795 89.649 89.5209 89.5648 89.2224 87.3376 88.8296 88.4519 83.1075 84.4337 87.7821 87.4947 88.776 87.5131 89.5742 88.7728 89.0405 83.1481 89.1977 89.4966 89.4392 88.9972 89.3948 89.7187 89.2398 89.4797 89.738 89.5592 89.4307 88.9615 89.2961 89.7498 89.5514 89.7371 89.5225 87.4253 89.5503 89.5814 88.7327 89.6234 89.281 89.6539 88.7503 89.3858 88.8556 88.8479
81.0754 76.8432 75.7504 84.7861 85.3031 85.9374 -9999 82.794 85.5447 89.5321 85.0065 85.4899 76.5482 88.6924 89.7211 89.0635 89.7289 86.4677 89.4445 89.1708 84.3855 88.5077 89.4565 89.4187 89.3093 88.911 89.4202 89.1077 87.2083 88.9912 86.8127 88.8505 87.8006 89.2399 84.9631 88.3973 84.0321 88.199 89.2057 86.8397 86.7106 88.9654 84.0441 89.5113 84.6185 87.2784 89.4545 89.4238 88.9707 89.6957 89.5023 89.1096 89.3215 87.4146 89.5595 89.3322 88.6186 89.6931 89.5564 89.2883 89.5831 89.7585 88.8231 89.4638 89.0438 89.7837 89.2753 89.6282 88.6799 89.2797
84.2818 83.5475 83.5809 85.761 85.3339 84.8978 -9999 85.0458 87.2657 89.4511 86.4557 84.6987 87.5732 89.618 87.6684 88.3246 88.9462 89.2162 89.4974 88.9677 86.9385 89.1487 89.765 89.0372 82.524 87.729 89.2691 87.5627 86.3868 84.0756 86.1646 86.1926 89.1198 89.0956 88.1016 84.1672 80.8102 87.9632 84.9061 86.7309 88.1002 88.4818 87.8646 88.0995 89.1719 77.9981 88.7788 89.5322 88.7218 88.8784 89.7122 89.4768 84.3999 89.2151 89.4599 89.5975 88.5176 89.5055 89.0556 89.1526 89.6379 89.71 89.7405 89.3004 89.5341 89.7912 89.844 89.5476 89.3212 86.2677
84.6195 84.1359 84.3005 83.6073 78.3994 82.4116 -9999 85.5296 85.4997 83.7845 82.8769 81.5053 80.8248 88.7614 86.6616 86.6198 87.5947 89.028 89.2976 85.5819 87.8276 89.5778 89.6098 89.5665 89.2089 88.2799 87.7467 89.398 88.5914 88.9177 88.167 88.8152 89.6026 88.8885 85.479 88.2684 86.2687 86.4065 89.0112 88.8696 87.7751 87.7768 87.5359 88.2359 86.3557 87.2866 89.323 88.3691 89.7508 89.741 89.7502 89.5304 88.7088 89.3521 89.3834 89.0142 89.4869 89.0819 89.4651 88.5439 88.4966 89.674 88.7173 89.5525 89.1913 89.651 89.6295 84.1845 87.3382 87.957
84.4174 79.1106 86.2935 85.4876 80.9758 81.9053 -9999 85.8462 83.8203 67.8 82.3841 85.5964 85.0489 83.4844 88.4305 89.1481 88.9815 89.5027 89.357 89.762 88.4168 89.7683 88.8972 89.1863 86.0889 85.8542 79.5871 89.2461 88.3084 87.8673 87.6433 84.8978 88.6539 88.3481 89.0274 88.8643 88.2442 89.3721 88.9841 64.7184 85.465 85.2122 87.0674 86.6969 84.7292 88.1267 89.1407 89.5533 89.5415 88.8806 89.771 89.6939 89.6393 89.6897 89.5949 89.7579 89.4299 89.4945 89.5549 89.661 89.5414 88.6959 89.8348 89.8301 89.7634 89.7158 89.6387 89.5977 82.2154 87.8421
84.4347 83.0765 83.4157 83.3941 83.1602 76.8002 -9999 83.4982 83.0111 84.9193 81.709 57.7337 81.8617 85.8781 83.4512 84.7154 89.4968 89.6871 89.6833 89.6541 89.3315 89.72 84.9438 87.7726 88.445 81.7374 88.9389 88.484 87.0032 74.8788 60.1779 87.7301 86.8445 89.6139 89.296 88.7436 88.0483 84.2993 85.8204 85.4691 80.8441 88.2894 88.2251 88.4413 88.1591 87.8523 87.8888 89.4697 88.7663 89.6808 89.6136 89.6297 89.6602 89.4213 89.4332 89.6129 89.7001 89.0653 89.6337 89.5488 89.5576 88.21 89.7788 89.6832 89.7301 89.808 89.719 89.6217 86.6256 80.8102
84.3005 80.8054 85.6618 84.7655 84.5919 81.6366 -9999 80.2296 84.8368 81.8346 79.4279 86.0555 84.8256 85.6618 84.7108 84.1547 85.2273 88.053 89.4476 89.5047 89.683 89.7029 87.1219 88.8285 84.0989 86.1486 87.3813 88.6043 81.4744 87.1618 87.39 84.9267 88.3245 89.0843 89.4083 88.4805 87.891 79.6778 85.3791 85.9332 86.0283 84.1956 84.571 88.8586 86.6428 80.2179 87.9482 89.5999 89.3535 89.2924 89.0772 89.6592 89.7124 89.4176 88.8431 89.5988 89.7905 89.4706 89.5127 89.3521 89.4028 89.6896 89.8164 89.8187 89.7131 89.5574 89.7697 89.71 76.5482 83.9128
66.6126 82.6089 82.5784 77.4789 82.0602 84.0586 -9999 84.6648 85.3579 83.6073 82.1435 79.9364 75.4704 84.6321 84.3281 83.46 87.1698 89.5654 89.7111 89.6963 89.6475 89.0289 88.7355 84.9758 87.9072 87.1408 80.6913 88.9455 85.6266 87.8882 88.0578 88.1663 85.371 84.5989 85.9953 89.5755 88.4509 81.8516 83.1095 87.5049 88.8674 75.214 86.0177 88.2652 86.9336 89.0112 89.361 89.3259 89.5317 89.7422 89.6486 89.004 89.6367 89.5656 89.3487 89.4398 89.7321 89.5617 88.382 89.4202 89.0188 89.1684 89.6095 89.7887 89.5466 89.6573 88.9022 89.2181 88.8925 88.2755
64.4083 81.071 82.6861 81.3066 83.0951 77.8096 -9999 85.7457 86.383 78.5434 84.9758 83.8203 76.1665 84.5437 76.2973 81.0033 88.345 89.6904 89.7863 89.5686 89.4915 89.1532 89.3853 89.5595 89.3495 80.0679 84.0121 88.8079 87.766 88.9119 87.1571 88.3149 87.8073 85.325 89.0557 89.6749 89.7208 84.2818 87.9102 88.3736 87.6759 85.9055 88.5756 87.1893 84.4174 88.8967 89.4482 86.891 89.8027 89.6927 89.7986 89.632 89.4001 89.0791 89.4042 89.7185 89.326 88.963 88.9542 89.6066 89.6448 89.6628 89.7104 89.5926 89.6985 89.6672 89.5502 85.8052 86.1123 85.5732
84.5233 76.8999 84.226 85.4551 83.7481 85.3754 -9999 82.6466 82.9062 82.794 84.226 77.3793 80.0184 83.6122 85.9374 85.2109 87.6787 88.4058 89.3594 89.2287 89.0147 88.2506 88.1249 89.2389 88.5707 76.0148 85.3333 89.6036 89.6956 88.2837 89.25 88.5986 88.6512 82.981 82.9592 89.5433 88.3898 86.2032 84.3855 83.3356 87.9696 88.9717 88.3901 80.7907 86.4754 84.3688 88.4561 87.7696 89.3973 88.7217 89.6359 89.7244 89.6108 89.4795 87.3969 89.6455 89.6904 88.8308 89.5946 89.2605 89.6677 89.8165 89.8071 89.2059 89.469 89.5471 89.6898 87.5156 87.5145 85.3809
72.6792 79.2378 83.4032 84.4207 80.8248 81.0531 -9999 75.5278 80.3725 81.7794 85.7663 76.2324 82.5397 84.5284 68.2654 87.2352 88.4718 89.5522 89.46 89.5331 87.6315 88.2031 85.2756 88.896 88.6647 84.0107 89.1191 89.1208 89.4471 89.0751 88.3271 88.5106 86.6428 86.4088 82.6689 89.6508 89.626 88.0707 86.9558 86.245 80.671 83.6606 87.279 87.3287 86.7442 86.4465 85.2253 87.4367 89.0468 89.3514 87.6551 89.3475 86.4646 89.5836 89.5637 89.6578 89.7427 89.7668 89.6967 89.6289 89.7717 89.7195 89.723 89.6717 89.7124 88.5188 89.7683 86.1284 87.0393 88.3528
85.8462 71.1242 81.5623 81.8617 84.2923 83.4582 -9999 79.6571 83.6907 81.24 82.9395 81.596 80.1706 80.1706 86.2155 84.6311 86.6435 89.6016 89.2855 89.5676 88.5859 88.5557 82.7752 87.8478 82.794 89.56 89.1888 87.8639 86.4778 88.5472 89.1043 88.4732 88.7899 79.3606 86.4993 89.6066 89.1751 88.7364 86.96 86.0307 86.0117 88.8076 89.0337 88.7002 87.8421 85.8281 88.0129 89.2041 89.7372 89.5668 88.9508 89.6563 89.684 89.6385 89.4819 89.5289 89.6465 89.7603 88.835 89.5338 89.3306 89.5822 89.5087 89.81 89.5966 89.6983 89.628 84.9591 88.0497 82.331
81.9644 77.5641 86.6099 84.0121 82.6959 76.2973 -9999 84.1956 77.7294 81.709 79.7662 81.6366 82.2301 80.3725 85.5335 87.0923 87.1731 81.0754 89.0944 88.8381 87.9184 79.4205 84.4304 88.0197 84.3911 89.5266 88.9179 88.4993 88.9976 87.4827 89.1487 88.1107 84.569 87.8428 88.4349 89.1352 89.5658 87.2472 86.4688 86.5001 88.4754 88.3107 87.838 86.3839 88.7956 86.7715 86.7498 89.6356 89.7057 89.6484 89.6473 89.768 88.6337 89.6502 88.803 89.6056 89.7907 89.7508 89.7457 89.5776 89.7311 89.5432 89.647 89.5781 89.5146 89.5096 85.4391 86.9845 76.0997 69.2838
82.9062 82.7752 87.5682 85.0618 84.9877 87.3753 -9999 84.8769 58.3513 84.2571 84.6243 84.2818 70.7776 83.4652 80.4823 87.9501 83.5153 87.9095 89.5204 87.7134 85.8886 84.842 85.2081 87.9889 85.1584 88.1477 81.7968 86.6466 86.5792 87.6313 89.7741 89.2429 86.3948 87.8973 87.9387 88.8887 89.1981 87.3016 83.8829 86.9761 84.0638 86.0334 85.824 87.5336 88.1965 84.8212 82.8519 89.556 89.6123 89.7027 88.9638 89.5709 89.531 89.4198 89.5328 89.7448 89.4968 89.6267 89.5951 89.6773 88.5429 89.3449 87.7482 86.6106 84.5057 87.4288 69.8198 82.4334 86.8893 76.6686
82.5475 81.596 87.366 76.8999 88.1178 80.074 -9999 86.0825 81.7968 65.8546 76.0148 81.8617 84.0121 80.9758 84.1105 86.6442 84.8046 86.9762 89.3011 76.2324 80.3892 87.1985 87.0862 88.2695 82.8473 79.2689 84.6648 85.8565 86.7186 89.4889 89.7046 89.6757 87.0923 84.7438 82.116 89.4118 88.2073 86.0204 85.9298 85.4951 86.5892 85.3883 86.4226 87.2287 88.0912 86.5433 81.5321 89.2753 89.4682 89.1722 89.644 89.714 89.417 79.4866 89.151 89.807 89.7699 89.8007 89.5775 89.7279 89.7028 88.2634 89.1634 88.3654 89.5542 89.4475 87.4371 85.0003 87.7626 85.8685
82.8335 81.1804 81.9416 82.0318 81.9644 83.46 -9999 84.7374 83.026 77.3793 84.2392 74.5198 80.2817 84.9069 86.3441 87.3224 82.7202 86.6023 88.508 86.5081 81.3917 84.5057 84.9877 88.3521 84.1796 79.6571 85.9332 87.7231 89.7051 89.7679 89.4169 87.2634 84.7209 82.0063 86.4318 89.2743 87.9555 86.0829 84.4562 84.9806 86.3112 85.4421 87.0923 86.8454 88.1661 88.3517 86.8955 89.4023 89.5589 89.3964 89.7281 89.7351 89.5464 89.554 89.6388 89.5649 89.7749 89.5483 88.934 88.8307 89.6665 89.6954 88.6189 89.4619 89.5867 88.4836 89.7374 87.731 87.0806 83.46
85.9953 80.906 76.7129 83.8656 85.4738 82.6291 -9999 83.3057 81.8752 82.0602 80.6913 83.7079 83.46 85.6038 87.9963 85.4415 86.1891 87.7171 88.4468 83.2602 88.1168 76.1499 82.1797 88.5516 86.0369 74.7024 76.5482 87.9769 88.503 88.2011 85.8529 78.1155 70.0726 83.5204 88.7988 89.4654 88.3075 85.9374 87.2689 87.8142 83.7389 78.664 85.082 87.1487 87.7525 89.4973 87.2854 89.0951 89.6124 89.6603 89.764 89.7354 89.6559 89.4398 89.7074 89.6147 89.7718 89.3717 89.5738 89.6829 89.7851 89.3285 66.2005 89.7879 89.7145 89.1554 89.0763 89.394 79.9428 55.6354
75.6218 78.7719 81.0754 81.8752 82.0944 82.1797 -9999 82.9745 85.1405 85.0405 84.3777 84.3855 84.8903 86.5971 88.1538 85.2395 82.9395 79.8393 88.7528 88.9263 89.1251 84.2344 78.9705 87.9161 83.2525 79.2378 79.6222 86.4925 81.9774 82.0095 63.5218 78.0305 78.9705 87.9603 89.3224 89.5564 86.5582 81.9053 88.1842 85.591 84.5437 84.2818 87.1472 88.2129 87.8431 89.4109 87.8009 88.9186 89.6485 89.6834 89.771 89.672 89.6469 89.684 89.635 89.6804 89.7329 89.4585 88.074 79.8195 86.2881 73.8512 89.3746 89.441 89.7082 89.4342 89.7554 55.11 81.6838 82.2854
