Madagascar1218CLEAN/DATA/sloperightz.txt
ncols         251
nrows         471
xllcorner     43.217484268189
yllcorner     -25.606154098314
cellsize      0.029
NODATA_value  -9999
[rows 248 to 278 of 471, columns 70 to 139 of 251]
83.8872 83.7845 83.5958 86.9102 88.242 88.5737 -9999 88.9714 89.008 89.1218 89.1882 88.6915 89.3181 86.3933 87.2719 86.3321 88.3707 87.9722 88.8426 88.9288 89.1644 87.9752 88.0764 88.0445 86.0493 84.1053 88.2142 81.9935 87.3391 80.7907 68.0031 86.9761 85.4085 76.4868 69.2278 84.276 84.9877 88.0268 86.4688 86.6198 88.0656 83.6606 88.9093 86.4778 89.0147 89.3664 89.2727 89.1784 87.8255 89.2759 88.9374 89.5601 89.6055 72.9027 83.2078 89.0007 87.0103 88.1588 88.6609 88.9865 85.9508 86.5497 86.9343 87.6407 77.9105 89.1189 88.6207 87.319 88.1327 89.0926
58.5494 84.842 86.2935 75.1528 88.1684 87.933 -9999 89.1744 89.4071 89.4286 89.2853 89.5367 88.6556 86.6409 86.0381 83.8829 88.2592 88.4846 87.837 88.5518 88.9578 88.1541 88.5453 89.2852 87.258 87.2746 87.755 80.2354 88.1198 85.7639 86.9724 84.9421 86.2781 86.5528 86.7947 88.5534 89.1116 88.0346 86.9987 84.7861 88.1664 87.5916 88.0111 88.2008 82.0789 86.2674 88.6883 87.1268 86.1414 89.176 88.8097 85.3083 87.6178 89.3604 88.1414 88.7356 89.1467 89.4768 89.2972 88.728 88.7995 87.8362 89.521 88.1958 88.7142 87.0302 88.9366 89.3566 88.8889 88.1993
63.5218 86.0655 82.9129 87.5768 85.073 88.8563 -9999 88.8403 89.0816 88.9756 89.4823 89.206 89.3971 87.0899 87.3143 89.2164 84.8794 88.8016 85.5518 86.2019 89.0313 89.418 84.7329 87.8677 85.5737 87.9551 88.7291 83.7157 66.2005 86.9978 85.7223 87.009 80.3725 86.5184 86.6833 88.6759 87.6366 86.3361 72.514 87.4196 88.1261 85.3809 86.7972 88.587 64.4083 86.0393 86.989 89.2304 89.3539 89.5049 88.1728 89.224 88.0263 83.9931 89.334 88.5452 88.6941 86.005 89.1277 89.3789 87.5675 88.1763 89.4069 88.5258 88.4236 88.905 89.0267 89.5367 88.2917 88.4533
85.2273 86.2618 87.4752 83.5068 85.8462 89.2145 -9999 88.5877 88.0285 88.8801 88.7237 88.786 86.8486 88.6973 88.2556 89.479 86.1127 89.2871 87.8278 89.2209 88.9355 89.6658 87.7575 85.6861 87.8876 87.3419 86.552 87.6927 88.316 86.1152 87.3191 87.2007 55.6354 88.7495 88.6472 86.9315 85.8851 80.0371 86.3197 85.5223 88.9834 88.6018 87.7464 87.4736 79.2456 86.6099 87.3114 85.9162 85.761 89.2631 89.5631 89.3213 89.4081 89.3214 89.2341 89.1243 89.256 88.7018 89.5597 89.6163 88.1542 88.922 89.2066 87.6258 88.6818 88.7438 88.7918 89.1533 89.278 88.3514
87.4032 80.9294 86.862 81.9546 86.2199 89.403 -9999 89.3331 89.5227 87.43 88.9756 88.5593 88.2711 88.975 89.2372 89.1207 89.2283 88.3434 88.9016 89.6307 89.6678 89.3559 89.6801 88.1282 89.2355 87.1264 88.7466 85.502 88.4668 86.4102 82.4765 86.708 87.6792 88.6762 60.1779 83.9713 83.1722 86.8603 87.2455 87.6274 89.5817 86.5812 89.4905 87.8193 87.8549 86.3309 87.2314 85.7582 87.7383 89.4943 89.1346 83.7466 88.8144 89.0624 89.6696 89.5653 88.4696 89.517 89.5936 89.562 84.7108 89.32 89.3514 87.8954 87.3949 89.2017 89.4081 89.5187 89.4126 88.5881
85.2597 83.6007 87.0566 86.9189 81.8718 84.095 -9999 89.1634 89.2776 88.7386 87.7123 89.6413 88.719 89.4495 89.5583 87.9647 89.2912 88.2226 89.5994 89.6189 89.6584 89.2606 89.0423 87.175 89.3871 88.655 86.5679 88.064 88.2562 78.2803 86.6062 86.1389 88.9577 89.6416 89.5929 89.2681 86.8486 86.5334 86.4226 86.0462 87.8841 89.1884 85.4674 78.7363 87.5642 86.3901 88.1308 88.4758 88.9211 87.9466 88.737 89.4987 89.4203 89.2272 89.3794 88.6865 88.3569 88.9717 88.5704 89.1993 89.3371 89.2797 89.4763 88.5583 87.4934 89.4435 88.9698 89.079 89.4139 89.0395
85.2556 85.9644 85.751 80.671 83.1801 69.716 -9999 88.9627 89.2571 89.1473 89.2228 89.1009 88.8783 88.7511 86.1988 88.2168 87.6692 88.9925 88.7359 89.4856 89.4346 89.5616 88.7042 89.4431 88.7805 88.1073 81.0754 88.1219 86.3432 84.4785 85.7959 88.5206 88.9193 89.2797 89.3445 86.8002 87.9672 86.2609 88.8175 87.0942 88.0731 84.7438 84.7592 89.2836 89.5776 89.085 88.7326 85.9873 79.0536 89.2847 87.8162 88.7494 89.3503 89.5018 88.8119 88.8529 89.0597 87.6174 89.1516 89.4796 89.5325 89.033 89.1825 88.7473 88.8848 89.3555 88.3995 89.4583 89.6915 89.5116
86.9065 86.5597 81.4393 85.9828 73.2666 84.3201 -9999 89.1955 89.6468 88.6541 89.0101 88.4661 88.8445 89.296 87.8244 81.7968 88.6899 89.0622 89.1354 89.5427 89.0346 89.7565 89.5019 89.7164 89.2405 88.108 88.3316 87.7598 89.2041 87.4047 82.0851 84.0625 84.9201 89.2092 88.4406 85.7529 84.7209 88.5187 89.2855 89.1349 89.3396 87.8523 85.2868 88.2527 89.4173 86.1755 88.2994 89.0057 87.513 89.1015 88.1496 89.3702 88.7693 89.2178 88.7316 87.8568 89.3971 87.8342 89.4889 89.6603 85.6281 88.3654 88.7513 89.5396 86.5919 89.3079 89.3793 89.4709 89.6549 89.6689
87.554 85.1042 86.3962 72.9959 81.7374 83.1177 -9999 89.2277 88.0346 88.8595 88.3295 85.9726 85.3018 89.0009 89.1301 89.324 89.0967 89.1208 86.9322 89.1879 88.5187 89.4988 89.6582 89.219 88.5737 86.798 88.7165 87.7923 89.1072 87.7438 86.9249 87.518 84.469 88.8966 88.587 83.1602 88.1588 71.9518 89.4336 89.5137 84.0782 87.8973 86.6945 87.6381 89.161 87.8017 86.7309 88.4464 87.9894 89.3615 88.1316 87.9579 88.7184 88.9973 88.1751 88.8001 89.5326 89.5134 88.8335 89.5352 88.9721 89.12 89.4623 88.6825 88.9465 89.4612 89.4384 89.6701 89.0377 89.6734
86.9134 87.319 86.1933 82.0095 76.8002 83.8829 -9999 89.1182 88.7386 89.2447 88.8184 88.2329 75.7504 87.0974 86.8787 84.6234 88.2786 89.3582 88.4476 81.9644 89.346 88.3834 89.4368 89.2655 89.4918 88.7663 87.9989 89.0569 89.1687 87.5473 87.6344 88.1087 86.1156 88.6083 86.1064 88.448 88.3562 88.0411 87.5965 86.8734 87.7776 87.7146 89.0661 87.5347 87.9879 88.8739 87.4647 88.3771 88.1298 87.3671 87.159 86.9677 88.9674 88.9717 88.6594 88.3392 89.7143 89.3273 88.9235 89.56 89.5178 89.5349 89.3479 89.5423 89.0689 89.2044 89.2629 89.6148 89.3487 89.6001
86.9458 84.8151 85.6266 85.5223 76.8002 87.6883 -9999 89.1988 87.1491 88.4192 88.7263 88.9855 89.4818 88.7752 88.7501 87.2356 87.0108 87.4532 88.9368 88.3297 88.6879 89.2963 89.0329 89.5053 89.0535 79.1429 89.2335 89.4262 89.3541 87.3768 88.6264 88.8212 88.1771 87.4655 88.3427 86.289 87.1264 87.6482 86.559 87.9758 81.0306 88.488 89.1887 87.7949 86.2881 83.8351 84.8693 88.0841 89.1267 89.0516 85.1957 87.8947 88.5486 88.3995 82.6216 89.3319 89.4549 89.2757 88.8027 89.3303 89.5528 85.3024 88.8516 87.4473 89.3102 88.8592 89.6682 88.1752 89.2417 89.385
87.8075 88.2368 71.2907 87.0175 77.7983 55.11 -9999 88.5847 88.5598 88.2183 83.3941 88.5758 88.9828 88.9362 87.0312 89.2657 87.0416 88.9849 88.5704 87.8453 87.7438 86.6691 87.6714 89.0596 87.6092 85.7739 88.8754 89.5947 88.3087 89.3668 86.6452 89.3121 87.8607 83.9241 89.1395 88.7477 85.9578 86.2503 88.589 87.1578 47.5207 88.8691 87.1577 87.1821 82.4307 75.0282 87.0959 86.5988 85.3592 89.1034 88.6651 88.0965 88.9348 88.9938 88.7762 85.9632 86.9621 89.4331 88.6564 86.6223 88.3576 89.012 89.0148 88.3238 89.4141 89.6269 89.4989 89.4419 89.4196 88.9545
89.658 88.0754 77.9105 81.2942 81.0531 87.7606 -9999 87.243 88.3174 88.5351 87.1219 89.3247 88.7424 86.7498 87.6587 89.4714 88.9576 88.9041 88.7837 88.982 86.7916 88.2949 87.7401 89.5335 89.0801 88.2898 88.8533 89.4756 89.269 89.1407 85.9726 88.7764 89.1955 86.9465 87.2192 88.8066 87.5835 82.9417 87.6483 87.6673 86.8338 86.0655 74.233 83.3742 88.242 88.1633 86.6331 81.6549 89.3141 86.6691 88.7982 87.5283 89.0074 89.3275 88.294 89.6309 89.5202 89.7142 88.8771 88.9524 88.826 89.32 89.506 87.9104 89.3326 89.2166 89.4608 86.6492 89.3968 89.2417
89.7256 83.2137 83.8351 84.9655 84.1956 82.9395 -9999 86.979 89.0774 89.0201 88.2566 89.4271 89.5155 88.3759 88.1458 88.3005 88.3907 88.6667 89.4116 89.4576 88.1049 86.0486 89.0007 89.1341 88.5954 89.215 89.3374 85.6618 86.005 88.9745 70.7776 89.1438 87.5125 86.0307 86.996 85.325 85.8565 86.229 87.5807 79.7121 86.4844 85.7587 87.6597 85.2177 88.0629 88.6433 88.2873 88.6248 88.2946 86.0109 87.3521 89.2542 89.5268 88.7972 89.3755 89.6735 89.3813 88.0118 88.4527 88.2179 89.25 84.438 89.0989 89.601 89.0201 88.9313 88.6358 89.5518 89.4451 89.1778
89.633 85.502 86.3533 86.5762 74.0072 70.9965 -9999 89.0647 88.6688 89.2943 88.7086 89.2136 88.7824 89.0357 89.6177 89.283 88.5836 89.3566 89.3265 89.2134 87.4573 88.5989 89.5864 89.6283 89.665 89.5993 89.1353 87.6892 76.0997 89.3856 88.3681 88.0569 85.5601 87.2491 84.7547 87.0527 86.8724 88.8632 84.5109 80.3725 87.8954 79.4205 87.1577 86.2087 84.8844 87.2055 80.35 86.4218 88.0872 81.5774 88.9881 88.1184 88.8674 89.3015 89.6362 89.1322 88.7358 89.171 89.4597 88.9611 88.8681 87.3475 87.6056 89.6506 89.483 89.3426 87.3033 89.1435 89.3526 88.7843
87.5697 84.5427 84.1105 85.6785 45.398 85.7582 -9999 61.8602 89.427 87.0508 88.3453 88.8307 87.5017 88.8431 88.7681 89.2315 89.1294 89.208 88.8289 87.4393 87.978 88.8798 88.2326 89.5883 89.467 89.6831 89.7224 88.5262 86.6089 88.7273 86.7026 87.1072 89.1678 87.2201 88.6225 88.6755 83.1742 87.7208 84.7861 82.8033 87.1179 84.5427 86.1881 88.1104 86.1156 89.0777 86.0532 88.8127 88.3385 84.6771 88.9962 86.4928 86.9298 88.7817 89.6649 89.0102 89.3546 88.6488 89.5759 89.0875 88.4861 88.7763 80.2179 89.5934 88.6541 88.0799 87.5338 87.2314 89.0222 89.2725
87.3718 85.7016 85.7297 85.6203 11.464 81.7968 -9999 84.8911 89.5517 88.1042 88.0069 88.9602 88.0304 88.7675 88.8199 88.453 87.2916 87.7587 88.7004 87.8338 88.0742 87.7243 88.2266 87.2565 89.5933 89.5406 89.5998 89.1566 88.8052 89.4754 89.4428 89.1727 89.0319 87.4167 87.2037 88.5847 79.2689 88.5251 86.0275 86.2361 87.5125 88.6058 86.3663 85.6551 88.2484 88.9046 88.3189 88.3195 86.8354 88.5908 86.2477 88.4912 88.5744 86.9987 88.6286 89.4597 84.3777 88.4713 87.8112 89.0212 88.7154 88.6807 88.6803 89.283 88.9205 79.6012 36.1742 89.4434 89.3287 88.5496
89.4262 84.4272 86.3441 64.7184 61.8602 58.3513 -9999 86.9584 81.0033 89.1518 88.9578 88.2852 88.6092 87.8035 88.8985 87.8919 86.7109 87.2055 86.5892 86.0738 87.2098 87.5853 87.8451 87.1426 89.0902 88.757 89.3974 88.6465 89.2228 86.2226 85.8676 88.9586 86.6945 88.3864 88.0354 88.1675 88.0332 88.7702 89.5852 89.6926 88.8792 87.1155 86.9365 88.9119 86.2781 88.0543 88.3075 86.9064 85.23 87.1168 85.0678 86.9169 89.578 89.6556 89.3595 88.5889 89.3732 87.7721 88.2128 88.8803 88.1896 88.2936 87.8853 88.3164 88.9576 88.8747 83.9492 88.3546 89.1793 61.1319
87.9833 74.4259 85.9294 85.1556 59.1217 57.078 -9999 62.5358 88.4108 89.0205 89.3405 89.0258 77.4789 89.0962 87.554 87.1499 87.7609 88.0063 88.3306 88.7135 87.0585 88.0981 86.2467 83.7343 88.1958 88.4306 89.4484 89.6581 88.9136 87.8164 84.0201 88.0396 89.1332 88.064 84.7255 87.8307 85.6139 89.624 89.3521 89.5865 89.2851 88.8467 87.449 87.6282 87.1123 80.9804 88.2571 89.1678 89.2737 88.2554 89.262 89.0092 86.6709 89.7268 89.2222 89.0297 89.1899 86.75 88.0031 87.9556 88.8289 88.8539 89.3139 89.1753 88.0497 87.4305 87.7243 88.759 87.6619 88.9234
89.5901 86.0655 82.5963 58.5494 81.9152 81.2568 -9999 78.5434 86.9213 88.5419 87.1692 88.7869 88.8749 88.8085 88.8194 88.7867 88.8029 88.3138 88.9711 88.2723 86.5373 88.189 82.0664 87.8897 88.0664 87.6982 89.1572 89.6516 85.0321 87.1491 88.9853 86.768 89.0248 81.5736 89.2584 88.3579 88.1172 89.5684 89.5631 88.6679 89.7111 89.2523 88.1613 88.8939 88.5688 88.4232 87.4811 88.4435 88.2761 86.6145 88.2751 88.7112 89.4918 89.3583 89.3455 89.6737 89.5666 88.7749 88.9215 89.3044 88.5376 89.4571 89.4576 89.2285 89.0796 87.8744 83.6007 88.63 85.325 88.8656
89.6329 81.4976 84.5109 82.8587 77.9436 83.5475 -9999 64.4083 88.763 89.2095 88.4091 88.4012 88.4482 88.8944 88.5101 83.0175 87.8474 81.5736 88.1542 88.6241 87.8814 88.8279 85.7238 87.1496 84.802 87.3718 89.4023 89.4125 89.2287 87.7904 89.2348 84.1956 80.671 88.8869 89.0921 88.982 89.0851 89.6205 89.6752 89.6227 89.6821 89.5527 75.9457 88.5232 87.9272 85.3121 85.6956 87.2596 88.9324 86.8192 87.3277 89.1111 88.433 89.717 88.9777 89.6691 89.1072 89.4205 89.2685 88.0556 89.163 89.1145 89.4194 89.3476 88.4785 81.7968 88.2612 87.1772 86.9222 89.0116
89.4459 84.0268 85.2143 86.9747 85.3654 74.589 -9999 72.514 87.6597 89.314 75.4318 87.5392 82.8519 88.7642 88.1537 89.4993 89.4717 89.6946 88.6986 88.298 89.085 87.7375 88.3023 89.1201 85.4743 89.0233 89.5858 89.4281 89.1043 88.0232 88.8824 88.6066 86.9064 88.4822 89.2956 89.2913 88.502 89.1403 89.4501 89.5927 89.1235 88.5637 88.6903 88.4224 88.3858 87.7626 87.2116 84.226 88.2459 86.8445 69.2838 82.2272 86.5597 89.1065 88.4167 89.6022 87.212 89.1648 89.3652 88.6914 87.8343 89.1415 88.4106 88.3246 86.8871 86.2367 89.4157 88.7646 87.9845 85.2253
88.9588 89.5889 82.895 86.3287 86.44 40.7087 -9999 60.1779 52.4003 88.4382 88.4401 88.4332 87.4963 89.3506 87.9536 89.2084 89.4662 89.6245 75.6031 86.8893 87.2365 87.4719 88.769 88.8509 88.878 89.4538 89.4723 89.4345 87.9658 87.6758 86.7829 89.1675 89.3887 87.8582 88.1355 89.3714 89.3194 89.3212 89.1399 89.2551 89.3082 88.0571 88.6977 88.4564 89.1848 85.751 87.614 88.794 89.3831 87.1704 85.6694 88.603 84.571 89.4661 88.5604 88.3393 89.2217 88.9897 89.2392 89.1914 89.4429 88.3378 85.9828 86.6378 86.1353 53.6815 89.5472 88.6261 88.6132 87.7171
86.5991 87.1776 87.0088 84.634 79.8915 81.4393 -9999 75.4318 73.0267 32.6722 89.2693 87.6205 88.5226 89.2862 89.4831 89.4619 89.5959 87.8481 89.3207 87.581 88.9906 89.4952 89.6223 86.908 89.0373 88.2834 89.3167 89.696 89.1507 85.1152 89.1379 89.5847 89.6211 87.8338 83.3337 89.4078 89.3741 89.3138 86.4797 87.1099 88.1394 87.8019 89.1519 89.2503 89.6441 86.7032 87.5017 87.4707 87.9074 89.2734 87.983 89.6185 88.8076 87.8319 89.5179 89.4572 89.2271 89.2399 89.1195 88.4609 88.1429 86.7772 87.3424 87.8035 65.1148 77.5641 89.6582 88.0953 87.7371 86.4646
85.0065 87.7347 89.4483 85.2577 86.5331 87.0602 -9999 69.716 81.5774 86.7552 88.7087 89.0885 89.4965 89.632 89.1569 87.7427 87.2911 88.4786 89.3009 88.5776 89.2133 88.6702 89.3458 86.254 88.6691 89.1239 89.1349 89.1097 88.202 88.5725 89.1517 89.2377 88.2858 89.5875 88.5934 89.247 88.6218 89.3109 88.9487 88.7783 86.4372 89.6217 89.4741 88.9775 88.8032 87.1818 89.3039 88.1815 89.4619 89.7524 88.6059 89.0018 89.0116 89.5315 88.8515 87.779 89.292 88.7641 89.2512 88.8691 88.7299 87.4367 85.9432 89.1976 82.6466 78.3204 89.5798 88.267 83.5068 86.9662
87.9113 87.2278 86.7563 89.0411 84.1547 84.8565 -9999 84.6273 11.464 86.723 88.8558 89.2656 88.3007 88.3988 88.432 88.7016 88.4284 84.975 89.1992 87.7347 88.5106 88.686 89.2448 89.1071 87.5797 88.3845 88.4946 83.9658 89.2863 89.4906 86.9621 89.5779 89.3839 89.6988 88.9283 89.57 88.9867 89.5094 89.4037 86.6642 89.0826 89.4465 86.9161 89.5168 89.1186 89.4211 85.9771 88.5562 89.5439 89.6358 89.0677 89.6014 89.3738 88.7772 89.2198 88.958 87.1818 88.7858 86.2384 86.9125 87.1571 60.1779 83.0175 89.3087 85.3186 73.8512 89.3487 87.9423 87.4098 85.9332
87.0143 76.8002 86.3213 89.4611 87.928 86.9467 -9999 82.5784 72.9027 87.7305 87.96 89.3482 88.2861 88.6529 88.2353 86.7133 88.0115 88.0344 89.2514 89.0457 89.3367 88.7838 89.514 89.1857 88.9582 89.5921 89.2871 89.3219 89.4476 89.0966 89.2115 86.4699 89.4507 89.7409 89.2039 89.6369 89.5197 89.1334 88.9651 89.5346 89.0007 88.8617 89.6906 89.6384 89.594 89.4898 89.4394 89.251 85.6515 89.3114 88.0528 88.2218 89.3826 89.1845 89.3861 89.287 88.8719 89.1787 89.049 88.4718 78.7093 85.5082 86.7595 85.4133 88.4523 73.6083 89.454 88.759 86.8618 86.8248
86.7091 84.1207 79.0536 87.0768 87.3016 82.0095 -9999 63.5218 85.0197 86.5292 87.6366 86.7193 88.8971 72.8713 87.3392 88.9177 88.7745 88.1376 89.3839 89.4718 89.6315 89.299 89.5337 87.7375 89.4542 89.4849 88.8106 88.2384 89.8007 86.0145 88.4108 89.4636 88.2011 87.8385 85.3024 89.3884 89.4184 89.6245 87.9746 88.3958 89.3704 85.8529 89.3451 89.5909 88.6513 89.1659 89.6214 89.6826 85.2946 89.0731 89.2325 89.1083 89.4365 89.0289 88.281 86.0882 86.8848 88.9196 84.7182 89.1508 86.3408 85.5419 81.2273 87.9283 88.1476 88.8673 89.3459 89.0787 87.6818 88.5266
86.5628 85.6076 85.1174 86.0956 89.5628 84.0743 -9999 82.8033 80.0371 79.1429 87.2638 88.6446 88.7087 88.2366 87.0527 87.2435 86.7071 89.5286 87.6938 88.8124 88.3554 89.5522 89.2118 89.5938 89.499 89.6085 89.6645 89.3764 89.3474 89.6015 89.5048 89.5265 89.5548 85.8886 89.4265 89.0368 89.0812 89.4263 89.6062 89.6442 87.6809 89.5492 89.6344 89.6056 89.5001 89.6331 89.4018 89.4677 88.9305 89.4993 89.4948 89.6992 89.6943 89.7447 89.7791 88.6996 89.0616 89.3416 87.8573 86.9385 89.1799 86.4377 83.1801 88.1783 85.1355 89.5757 86.5394 88.5374 83.1979 89.2024
84.0321 87.5884 82.3054 87.332 89.5108 87.3316 -9999 83.5068 72.514 68.9409 85.8986 87.1664 89.3744 89.128 89.0138 88.2778 87.6012 88.8619 88.4829 89.3526 85.4175 89.3478 89.3535 89.3968 88.1355 89.6028 89.3265 89.5795 89.5214 88.2265 89.7007 89.0895 89.1254 88.9537 89.547 88.1429 89.0074 89.698 89.5511 89.5201 88.9248 89.4421 89.4681 89.6455 89.5937 89.6041 89.7307 89.6398 89.4769 88.5298 87.574 89.4445 89.2192 89.6732 89.065 89.0444 88.6425 88.0527 89.115 88.7562 88.8951 87.8509 86.359 89.3804 89.4984 89.5924 64.7184 87.3328 86.6614 84.469
84.0638 87.3033 87.7646 79.0536 89.3591 86.9651 -9999 84.8186 82.4524 76.942 83.3742 64.7184 88.7543 89.2679 89.2974 88.4026 88.7783 88.1725 89.5627 89.4663 87.1829 88.6452 89.4106 89.2745 89.5032 89.2267 87.8706 89.4739 89.4599 89.5743 89.5312 89.3801 89.3383 87.4655 89.4003 89.4601 89.0722 89.7329 89.6468 89.5302 89.7395 89.563 89.5293 89.5254 89.466 89.442 89.0936 89.689 89.5813 87.5559 88.7856 88.3212 88.3807 89.5524 88.8969 88.9304 88.8432 89.353 89.5385 89.0569 89.3767 88.9313 88.6126 89.6092 86.3386 88.4053 87.7205 87.9828 86.6746 87.4081
