Madagascar1218CLEAN/DATA/slopedem.txt
ncols         251
nrows         471
xllcorner     43.217484268189
yllcorner     -25.606154098314
cellsize      0.029
NODATA_value  -9999
[rows 217 to 247 of 471, columns 0 to 69 of 251]
-9999 -9999 -9999 -9999 -9999 -9999 -9999 -9999 -9999 -9999 -9999 -9999 -9999 -9999 -9999 -9999 -9999 -9999 -9999 -9999 -9999 -9999 -9999 -9999 -9999 -9999 -9999 -9999 89.6839 89.9417 89.9408 89.9029 89.8959 89.852 89.7459 89.6454 89.9484 89.8891 89.9781 89.982 89.942 89.8183 89.9703 89.9711 89.979 89.9857 89.9946 89.9917 89.9939 89.9837 89.9904 89.9739 89.9564 89.9917 89.9972 89.964 89.9534 89.9028 89.9691 89.9309 89.9525 89.9424 89.8554 89.9211 89.9805 89.9592 89.956 89.8502 89.9498 89.9778
-9999 -9999 -9999 -9999 -9999 -9999 -9999 -9999 -9999 -9999 -9999 -9999 -9999 -9999 -9999 -9999 -9999 -9999 -9999 -9999 -9999 -9999 -9999 -9999 -9999 -9999 -9999 -9999 -9999 89.954 89.9752 89.9816 89.915 89.9601 89.9258 89.686 89.8419 89.9709 89.984 89.9821 89.9746 89.9748 89.9819 89.9746 89.9659 89.9684 89.9917 89.9812 89.9749 89.9774 89.981 89.9557 89.969 89.9953 89.9935 89.9566 89.9763 89.9277 89.963 89.9733 89.9677 89.8145 89.9657 89.9514 89.946 89.939 89.9804 89.8902 89.9358 89.9909
-9999 -9999 -9999 -9999 -9999 -9999 -9999 -9999 -9999 -9999 -9999 -9999 -9999 -9999 -9999 -9999 -9999 -9999 -9999 -9999 -9999 -9999 -9999 -9999 -9999 -9999 -9999 -9999 -9999 89.9091 89.958 89.9633 89.9 89.9345 89.9618 89.9711 89.809 89.9146 89.958 89.9617 89.976 89.9717 89.968 89.9763 89.9608 89.9634 89.9728 89.9911 89.9831 89.9728 89.9734 89.9525 89.9759 89.9923 89.9857 89.9842 89.9633 89.9493 89.972 89.9712 89.9563 89.9365 89.9675 89.9449 89.9221 89.9667 89.8215 89.9057 89.8777 89.9163
-9999 -9999 -9999 -9999 -9999 -9999 -9999 -9999 -9999 -9999 -9999 -9999 -9999 -9999 -9999 -9999 -9999 -9999 -9999 -9999 -9999 -9999 -9999 -9999 -9999 -9999 -9999 -9999 89.618 89.8977 89.95 89.955 89.9449 89.9239 89.9411 89.9684 89.9613 89.9288 89.9781 89.9444 89.9758 89.9618 89.975 89.9751 89.9523 89.9868 89.9802 89.9866 89.9884 89.9638 89.9736 89.9908 89.9833 89.9766 89.9738 89.9787 89.9438 89.9788 89.9564 89.9677 89.9761 89.9643 89.9604 89.9743 89.965 89.9102 89.9526 89.9569 89.9504 89.9348
-9999 -9999 -9999 -9999 -9999 -9999 -9999 -9999 -9999 -9999 -9999 -9999 -9999 -9999 -9999 -9999 -9999 -9999 -9999 -9999 -9999 -9999 -9999 -9999 -9999 -9999 -9999 -9999 89.5368 89.9138 89.7987 89.8997 89.9146 89.9227 89.9631 89.9571 89.952 89.9221 89.9776 89.9707 89.9648 89.984 89.9548 89.9641 89.9713 89.9394 89.9777 89.9893 89.9825 89.9852 89.982 89.9869 89.9743 89.9814 89.9967 89.9654 89.961 89.97 89.9633 89.9693 89.9488 89.9715 89.9643 89.9442 89.9625 89.9258 89.9505 89.8884 89.8644 89.9307
-9999 -9999 -9999 -9999 -9999 -9999 -9999 -9999 -9999 -9999 -9999 -9999 -9999 -9999 -9999 -9999 -9999 -9999 -9999 -9999 -9999 -9999 -9999 -9999 -9999 -9999 -9999 -9999 89.665 89.892 89.9637 89.8577 89.9057 89.9254 89.9382 89.9645 89.9518 89.9612 89.9771 89.9706 89.9611 89.9692 89.9766 89.9726 89.9425 89.9748 89.9795 89.9907 89.9872 89.9866 89.9688 89.9828 89.9707 89.9691 89.892 89.9953 89.9562 89.9162 89.9011 89.9589 89.9641 89.9184 89.9322 89.9623 89.9102 89.9527 89.962 89.9082 89.921 89.9569
-9999 -9999 -9999 -9999 -9999 -9999 -9999 -9999 -9999 -9999 -9999 -9999 -9999 -9999 -9999 -9999 -9999 -9999 -9999 -9999 -9999 -9999 -9999 -9999 -9999 -9999 -9999 -9999 -9999 89.7865 89.9722 89.8586 89.952 89.8145 89.9526 89.9217 89.8014 89.9506 89.9748 89.9798 89.9589 89.9677 89.9446 89.9791 89.9809 89.9613 89.9841 89.9932 89.9793 89.9686 89.9842 89.9851 89.9812 89.9637 89.9801 89.9834 89.9786 89.9713 89.9749 89.9681 89.7922 89.9523 89.9636 89.9603 89.9552 89.9146 89.9442 89.9573 89.9442 89.9712
-9999 -9999 -9999 -9999 -9999 -9999 -9999 -9999 -9999 -9999 -9999 -9999 -9999 -9999 -9999 -9999 -9999 -9999 -9999 -9999 -9999 -9999 -9999 -9999 -9999 -9999 -9999 -9999 -9999 -9999 89.9472 89.9629 89.9663 89.8596 89.9375 89.9137 89.9326 89.9322 89.898 89.9878 89.8014 89.9365 89.9573 89.9786 89.9734 89.9547 89.9069 89.9914 89.877 89.9851 89.9856 89.936 89.9861 89.9781 89.977 89.9769 89.9921 89.9675 89.9505 89.9635 89.9671 89.9668 89.961 89.947 89.9727 89.9373 89.9726 89.9422 89.7684 89.9808
-9999 -9999 -9999 -9999 -9999 -9999 -9999 -9999 -9999 -9999 -9999 -9999 -9999 -9999 -9999 -9999 -9999 -9999 -9999 -9999 -9999 -9999 -9999 -9999 -9999 -9999 -9999 -9999 -9999 -9999 -9999 89.9661 89.9747 89.8199 89.9182 89.9257 89.9705 89.9408 89.8738 89.8199 89.3248 89.9673 89.8941 89.9446 89.9689 89.9738 89.9766 89.9849 89.9523 89.9788 89.989 89.9785 89.9892 89.9797 89.982 89.9824 89.9947 89.9841 89.9626 89.9657 89.9571 89.9697 89.9678 89.941 89.9262 89.9613 89.9634 89.9639 89.9311 89.8658
-9999 -9999 -9999 -9999 -9999 -9999 -9999 -9999 -9999 -9999 -9999 -9999 -9999 -9999 -9999 -9999 -9999 -9999 -9999 -9999 -9999 -9999 -9999 -9999 -9999 -9999 -9999 -9999 -9999 -9999 -9999 89.629 89.5368 89.556 89.8927 89.9446 89.909 89.9461 89.9557 89.9481 89.8798 89.9671 89.9376 89.9742 89.9625 89.97 89.9857 89.7947 89.9571 89.9733 89.9901 89.9856 89.9879 89.9746 89.9828 89.9851 89.9353 89.9939 89.9665 89.9702 89.9487 89.7878 89.9371 89.8878 89.9634 89.9202 89.8056 89.9384 89.951 89.707
-9999 -9999 -9999 -9999 -9999 -9999 -9999 -9999 -9999 -9999 -9999 -9999 -9999 -9999 -9999 -9999 -9999 -9999 -9999 -9999 -9999 -9999 -9999 -9999 -9999 -9999 -9999 -9999 -9999 -9999 -9999 -9999 89.8353 89.9647 89.9762 89.9493 89.8986 89.898 89.9583 89.9528 89.9182 89.8968 89.9799 89.9789 89.9744 89.968 89.9835 89.9591 89.9745 88.7923 89.9823 89.9788 89.9883 89.9887 89.9753 89.9843 89.9438 89.997 89.9561 89.974 89.9595 89.9797 89.9788 89.9712 89.9414 89.9546 89.9431 89.9784 89.8422 89.3961
-9999 -9999 -9999 -9999 -9999 -9999 -9999 -9999 -9999 -9999 -9999 -9999 -9999 -9999 -9999 -9999 -9999 -9999 -9999 -9999 -9999 -9999 -9999 -9999 -9999 -9999 -9999 -9999 -9999 -9999 -9999 -9999 89.9557 89.8964 89.9137 89.975 89.7928 89.9391 89.921 89.9455 89.869 89.9672 89.9633 89.9433 89.9664 89.9517 89.9776 89.9928 89.9718 89.9262 89.9809 89.9819 89.9627 89.9782 89.9815 89.9809 89.9691 89.9959 89.9692 89.9424 89.707 89.9494 89.9761 89.809 89.9639 89.953 89.9724 89.9433 89.9713 89.9385
-9999 -9999 -9999 -9999 -9999 -9999 -9999 -9999 -9999 -9999 -9999 -9999 -9999 -9999 -9999 -9999 -9999 -9999 -9999 -9999 -9999 -9999 -9999 -9999 -9999 -9999 -9999 -9999 -9999 -9999 -9999 -9999 -9999 89.9765 89.8389 89.9636 89.9623 89.8414 89.9224 89.9384 89.946 89.9467 89.9585 89.9667 89.985 89.9841 89.9796 89.9378 89.9747 89.9384 89.9742 89.9829 89.9845 89.9815 89.9526 89.9854 89.9477 89.9905 89.9611 89.9571 89.967 89.9123 89.964 89.9336 89.9308 89.9007 89.9622 89.9675 89.9667 89.9161
-9999 -9999 -9999 -9999 -9999 -9999 -9999 -9999 -9999 -9999 -9999 -9999 -9999 -9999 -9999 -9999 -9999 -9999 -9999 -9999 -9999 -9999 -9999 -9999 -9999 -9999 -9999 -9999 -9999 -9999 -9999 -9999 -9999 89.9514 89.8864 89.9589 89.9761 89.9365 89.852 89.9353 89.9626 89.9372 89.698 89.9436 89.9357 89.9572 89.9853 89.9902 89.8368 89.8986 89.9306 89.9833 89.9827 89.9895 89.9684 89.9569 89.9695 89.9572 89.9927 89.9392 89.9556 89.9532 89.9146 89.9425 89.9594 89.9657 89.9531 89.967 89.889 89.8203
-9999 -9999 -9999 -9999 -9999 -9999 -9999 -9999 -9999 -9999 -9999 -9999 -9999 -9999 -9999 -9999 -9999 -9999 -9999 -9999 -9999 -9999 -9999 -9999 -9999 -9999 -9999 -9999 -9999 -9999 -9999 -9999 -9999 -9999 89.9273 89.9756 89.9748 89.7891 89.9189 89.9526 89.9594 89.9305 89.8483 89.8203 89.9566 89.9071 89.9792 89.7844 89.9711 89.9218 89.9708 89.9838 89.9831 89.9859 89.9518 89.9684 89.9289 89.9854 89.9959 89.9905 89.9734 89.9413 89.9662 89.9625 89.8784 89.9738 89.9535 89.9826 89.9741 89.8609
-9999 -9999 -9999 -9999 -9999 -9999 -9999 -9999 -9999 -9999 -9999 -9999 -9999 -9999 -9999 -9999 -9999 -9999 -9999 -9999 -9999 -9999 -9999 -9999 -9999 -9999 -9999 -9999 -9999 -9999 -9999 -9999 -9999 -9999 89.9661 89.927 89.8725 89.9594 89.618 89.936 89.8777 89.9439 89.345 89.8171 89.9554 89.9429 89.9438 89.9799 89.8502 89.9481 89.9705 89.9859 89.9711 89.984 89.9861 89.8774 89.8949 89.97 89.9882 89.994 89.995 89.9498 89.9603 89.9736 89.989 89.9632 89.9687 89.9538 89.9837 89.9509
-9999 -9999 -9999 -9999 -9999 -9999 -9999 -9999 -9999 -9999 -9999 -9999 -9999 -9999 -9999 -9999 -9999 -9999 -9999 -9999 -9999 -9999 -9999 -9999 -9999 -9999 -9999 -9999 -9999 -9999 -9999 -9999 -9999 -9999 -9999 89.8414 89.7922 89.9243 89.964 89.9682 89.573 89.6542 88.0909 89.8476 89.9521 89.9309 89.9753 89.9046 89.9855 89.9833 89.9217 89.9884 89.9755 89.9768 89.9879 89.9746 89.9464 89.9344 89.9897 89.9974 89.9845 89.9606 89.9487 89.9686 89.9833 89.9453 89.9197 89.9728 89.9728 89.9372
-9999 -9999 -9999 -9999 -9999 -9999 -9999 -9999 -9999 -9999 -9999 -9999 -9999 -9999 -9999 -9999 -9999 -9999 -9999 -9999 -9999 -9999 -9999 -9999 -9999 -9999 -9999 -9999 -9999 -9999 -9999 -9999 -9999 -9999 -9999 89.4598 89.901 89.6542 89.9206 89.9251 89.6542 89.9217 89.9656 89.9329 89.9413 89.9341 89.9685 89.9652 89.951 89.9301 89.8502 89.9844 89.9862 89.9669 89.9328 89.9767 89.9598 89.9748 89.9906 89.988 89.9973 89.978 89.9626 89.9641 89.9786 89.985 89.9617 89.9217 89.9264 89.9268
-9999 -9999 -9999 -9999 -9999 -9999 -9999 -9999 -9999 -9999 -9999 -9999 -9999 -9999 -9999 -9999 -9999 -9999 -9999 -9999 -9999 -9999 -9999 -9999 -9999 -9999 -9999 -9999 -9999 -9999 -9999 -9999 -9999 -9999 -9999 89.686 89.8746 89.4703 89.8502 89.7749 89.7976 89.7312 89.8315 89.9471 89.7987 89.9115 89.9726 89.9281 89.9689 89.9721 89.9454 89.9872 89.9759 89.9774 89.9837 89.9806 89.9726 89.9747 89.989 89.9914 89.9908 89.9955 89.956 89.9789 89.9843 89.9865 89.9476 89.5974 89.9623 89.9536
-9999 -9999 -9999 -9999 -9999 -9999 -9999 -9999 -9999 -9999 -9999 -9999 -9999 -9999 -9999 -9999 -9999 -9999 -9999 -9999 -9999 -9999 -9999 -9999 -9999 -9999 -9999 -9999 -9999 -9999 -9999 -9999 -9999 -9999 -9999 -9999 89.9551 0 88.0909 89.4985 89.8264 89.8554 88.6498 89.345 89.7787 89.7692 89.9318 89.9846 89.9547 89.9364 89.8798 89.9742 89.9786 89.9878 89.9757 89.9749 89.972 89.9504 89.9769 89.9715 89.9947 89.9978 89.7844 89.9538 89.9715 89.9827 89.9744 89.9404 89.9069 89.9712
-9999 -9999 -9999 -9999 -9999 -9999 -9999 -9999 -9999 -9999 -9999 -9999 -9999 -9999 -9999 -9999 -9999 -9999 -9999 -9999 -9999 -9999 -9999 -9999 -9999 -9999 -9999 -9999 -9999 -9999 -9999 -9999 -9999 -9999 -9999 -9999 89.9698 89.948 89.872 89.9403 89.9341 89.9635 89.9601 89.9467 89.8271 89.9368 89.9559 89.9506 89.9206 89.9399 89.915 89.81 89.9819 89.9905 89.9843 89.9195 89.9786 89.9807 89.9845 89.9904 89.9835 89.9976 89.9691 89.9706 89.9601 89.9561 89.9403 89.9404 89.8973 89.9711
-9999 -9999 -9999 -9999 -9999 -9999 -9999 -9999 -9999 -9999 -9999 -9999 -9999 -9999 -9999 -9999 -9999 -9999 -9999 -9999 -9999 -9999 -9999 -9999 -9999 -9999 -9999 -9999 -9999 -9999 -9999 -9999 -9999 -9999 -9999 89.9507 89.9095 89.9569 89.8353 89.898 89.9338 89.9581 89.9294 89.9202 89.8906 89.8839 89.8145 89.9718 89.9671 89.9609 89.9621 89.9671 89.9753 89.9868 89.9884 89.9632 89.9277 89.9788 89.9723 89.9829 89.9894 89.9978 89.9761 89.9698 89.9668 89.9465 89.9469 89.8774 89.9734 89.9608
-9999 -9999 -9999 -9999 -9999 -9999 -9999 -9999 -9999 -9999 -9999 -9999 -9999 -9999 -9999 -9999 -9999 -9999 -9999 -9999 -9999 -9999 -9999 -9999 -9999 -9999 -9999 -9999 -9999 -9999 -9999 -9999 -9999 -9999 -9999 89.9071 89.8531 89.8856 89.9291 89.8902 89.9041 89.9575 89.9699 89.9707 89.8531 89.9448 89.9108 89.9126 89.9782 89.9056 89.9338 89.8923 89.9789 89.9754 89.9892 89.9633 89.9874 89.982 89.9507 89.9869 89.9573 89.997 89.9723 89.9415 89.9755 89.9717 89.9817 89.9342 89.9646 89.7757
-9999 -9999 -9999 -9999 -9999 -9999 -9999 -9999 -9999 -9999 -9999 -9999 -9999 -9999 -9999 -9999 -9999 -9999 -9999 -9999 -9999 -9999 -9999 -9999 -9999 -9999 -9999 -9999 -9999 -9999 -9999 -9999 -9999 -9999 -9999 89.6817 89.9659 89.8502 89.9366 89.8884 89.9449 89.9562 89.9728 89.9683 89.9414 89.9449 89.889 89.8902 89.96 89.9774 89.9674 89.9357 89.9858 89.9818 89.9777 89.8742 89.9781 89.9773 89.9505 89.988 89.9711 89.9973 89.9512 89.9738 89.9728 89.9 89.9651 89.9421 89.967 89.9575
-9999 -9999 -9999 -9999 -9999 -9999 -9999 -9999 -9999 -9999 -9999 -9999 -9999 -9999 -9999 -9999 -9999 -9999 -9999 -9999 -9999 -9999 -9999 -9999 -9999 -9999 -9999 -9999 -9999 -9999 -9999 -9999 -9999 -9999 -9999 88.7923 89.9029 89.146 89.9385 89.9629 89.9754 89.8772 89.8941 89.9638 89.9773 89.9206 89.8868 89.7947 89.7017 89.9829 89.986 89.8502 89.9824 89.9912 89.9604 89.5368 89.9874 89.9426 89.9281 89.9863 89.9707 89.9761 89.9957 89.9812 89.9767 89.9725 89.965 89.8842 89.9559 89.345
-9999 -9999 -9999 -9999 -9999 -9999 -9999 -9999 -9999 -9999 -9999 -9999 -9999 -9999 -9999 -9999 -9999 -9999 -9999 -9999 -9999 -9999 -9999 -9999 -9999 -9999 -9999 -9999 -9999 -9999 -9999 -9999 -9999 -9999 -9999 89.707 89.4985 89.9463 89.9139 89.9502 89.9634 89.9407 89.9532 89.8145 89.9604 89.943 89.8977 89.8411 89.345 89.9662 89.9592 89.9701 89.9685 89.9918 89.9578 89.9563 89.9907 89.9843 89.9344 89.9866 89.944 89.9857 89.9975 89.9765 89.9621 89.9683 89.873 89.9359 89.5368 89.9395
-9999 -9999 -9999 -9999 -9999 -9999 -9999 -9999 -9999 -9999 -9999 -9999 -9999 -9999 -9999 -9999 -9999 -9999 -9999 -9999 -9999 -9999 -9999 -9999 -9999 -9999 -9999 -9999 -9999 -9999 -9999 -9999 -9999 -9999 -9999 -9999 -9999 -9999 -9999 -9999 -9999 -9999 -9999 -9999 -9999 -9999 -9999 -9999 -9999 -9999 -9999 -9999 -9999 -9999 -9999 -9999 -9999 -9999 -9999 -9999 -9999 -9999 -9999 -9999 -9999 -9999 -9999 -9999 -9999 -9999
-9999 -9999 -9999 -9999 -9999 -9999 -9999 -9999 -9999 -9999 -9999 -9999 -9999 -9999 -9999 -9999 -9999 -9999 -9999 -9999 -9999 -9999 -9999 -9999 -9999 -9999 -9999 -9999 -9999 -9999 -9999 -9999 -9999 -9999 -9999 89.686 89.7765 89.4703 89.9126 89.974 89.4598 89.9335 89.869 89.9764 89.8906 89.9607 89.9239 89.9123 89.9075 89.9734 89.9696 89.9231 89.9768 89.9907 89.979 89.9629 89.9871 89.9711 89.9775 89.985 89.9718 89.9861 89.9971 89.9838 89.925 89.9807 89.927 89.965 89.9438 89.964
-9999 -9999 -9999 -9999 -9999 -9999 -9999 -9999 -9999 -9999 -9999 -9999 -9999 -9999 -9999 -9999 -9999 -9999 -9999 -9999 -9999 -9999 -9999 -9999 -9999 -9999 -9999 -9999 -9999 -9999 -9999 -9999 -9999 -9999 -9999 89.7787 89.4985 89.7987 89.2509 89.9306 89.9138 89.618 89.9126 89.9728 89.9721 89.949 89.925 89.9411 89.9016 89.9295 89.9653 89.9695 89.9736 89.9833 89.9832 89.9713 89.9586 89.9829 89.9645 89.9918 89.9886 89.9878 89.9866 89.9942 89.975 89.9715 89.9776 89.9041 89.8852 89.9314
-9999 -9999 -9999 -9999 -9999 -9999 -9999 -9999 -9999 -9999 -9999 -9999 -9999 -9999 -9999 -9999 -9999 -9999 -9999 -9999 -9999 -9999 -9999 -9999 -9999 -9999 -9999 -9999 -9999 -9999 -9999 -9999 -9999 -9999 -9999 89.629 89.3248 89.8127 88.6498 89.618 89.8411 89.629 89.7413 89.7757 89.869 89.943 89.9465 89.8234 89.9184 89.9517 89.9817 89.9709 89.9386 89.9432 89.9924 89.9787 89.9847 89.9447 89.9724 89.9802 89.9917 89.9867 89.9901 89.9977 89.9439 89.9756 89.9751 89.9438 89.948 89.9682
-9999 -9999 -9999 -9999 -9999 -9999 -9999 -9999 -9999 -9999 -9999 -9999 -9999 -9999 -9999 -9999 -9999 -9999 -9999 -9999 -9999 -9999 -9999 -9999 -9999 -9999 -9999 -9999 -9999 -9999 -9999 -9999 -9999 -9999 -9999 89.556 87.301 88.6498 89.7631 89.8114 89.0998 89.6817 89.8476 89.556 89.7137 89.9351 89.7555 89.9443 89.9247 89.9227 89.9643 89.8847 89.9472 89.953 89.968 89.9862 89.9473 89.9867 89.9876 89.9929 89.9578 89.9857 89.9813 89.9952 89.9822 89.9667 89.9686 89.9442 89.9298 89.9494
