Madagascar1218CLEAN/DATA/slopedem.txt
ncols         251
nrows         471
xllcorner     43.217484268189
yllcorner     -25.606154098314
cellsize      0.029
NODATA_value  -9999
[rows 62 to 92 of 471, columns 140 to 209 of 251]
-9999 -9999 -9999 -9999 -9999 -9999 -9999 -9999 -9999 -9999 -9999 -9999 -9999 -9999 -9999 -9999 -9999 -9999 -9999 -9999 89.981 89.9807 89.9896 89.9932 89.9884 89.9899 89.9849 89.9959 89.9896 89.9961 89.9881 -9999 -9999 -9999 -9999 -9999 89.6255 89.9902 89.9887 89.9795 89.9849 89.978 89.9936 89.9877 89.9961 89.9909 89.9944 89.9812 89.9919 89.993 89.998 89.9962 89.9895 89.997 89.9949 89.9945 89.9923 89.9974 89.9955 89.9978 89.9973 89.9986 89.9976 89.9859 89.9935 89.9881 89.9931 89.9925 89.9951 89.9871
-9999 -9999 -9999 -9999 -9999 -9999 -9999 -9999 -9999 -9999 -9999 -9999 -9999 -9999 -9999 -9999 -9999 -9999 -9999 -9999 89.9591 89.9712 89.9938 89.9881 89.9904 89.9905 89.995 89.9942 89.9902 89.9924 89.9932 89.973 -9999 -9999 -9999 89.9657 89.9864 89.9854 89.9877 89.9901 89.983 89.925 89.9796 89.9876 89.994 89.994 89.9954 89.9973 89.983 89.993 89.9804 89.9966 89.9974 89.996 89.9882 89.994 89.9963 89.9974 89.9828 89.9962 89.9973 89.9958 89.9981 89.9964 89.9858 89.9932 89.9877 89.9897 89.9961 89.9942
-9999 -9999 -9999 -9999 -9999 -9999 -9999 -9999 -9999 -9999 -9999 -9999 -9999 -9999 -9999 -9999 -9999 -9999 -9999 -9999 89.95 89.9861 89.975 89.9851 89.9834 89.9862 89.9794 89.9913 89.7312 89.9949 89.9958 89.9906 89.9915 89.9951 89.9783 89.9964 89.9769 89.9926 89.9897 89.9921 89.9931 89.7312 89.9953 89.993 89.9925 89.9967 89.997 89.9966 89.997 89.9967 89.9898 89.9953 89.9929 89.9972 89.9917 89.9965 89.9947 89.997 89.9903 89.9969 89.9981 89.9977 89.9733 89.997 89.9973 89.9941 89.9908 89.9839 89.9969 89.9931
-9999 -9999 -9999 -9999 -9999 -9999 -9999 -9999 -9999 -9999 -9999 -9999 -9999 -9999 -9999 -9999 -9999 -9999 -9999 -9999 -9999 89.9846 89.9485 89.9863 89.9806 89.9907 89.9915 89.9837 89.9517 89.9603 89.9689 89.9865 89.9674 89.9735 89.9972 89.9942 89.9922 89.9828 89.988 89.992 89.9912 89.7631 89.991 89.979 89.9977 89.997 89.9939 89.9736 89.9972 89.9927 89.9972 89.9938 89.9809 89.987 89.9953 89.9984 89.9963 89.9945 89.9978 89.9972 89.9978 89.9984 89.9964 89.9986 89.9976 89.9984 89.9887 89.9894 89.9937 89.9964
-9999 -9999 -9999 -9999 -9999 -9999 -9999 -9999 -9999 -9999 -9999 -9999 -9999 -9999 -9999 -9999 -9999 -9999 -9999 -9999 -9999 89.9664 89.9769 89.9901 89.991 89.9719 89.9879 89.9844 89.9665 89.9636 89.9605 89.9364 89.9933 89.995 89.9948 89.989 89.9926 89.979 89.996 89.9956 89.9912 89.9914 89.898 89.9538 89.9972 89.9956 89.9859 89.9858 89.9949 89.9961 89.9961 89.991 89.9947 89.9956 89.9947 89.9952 89.9979 89.9978 89.998 89.9969 89.9969 89.9976 89.9969 89.9981 89.9953 89.9979 89.9955 89.9953 89.9929 89.9949
-9999 -9999 -9999 -9999 -9999 -9999 -9999 -9999 -9999 -9999 -9999 -9999 -9999 -9999 -9999 -9999 -9999 -9999 -9999 -9999 -9999 -9999 89.707 89.9272 89.7299 89.9447 89.9531 89.9952 89.9933 89.9675 89.9782 89.9 89.9969 89.9952 89.9945 89.9967 89.9939 89.9967 89.9956 89.9961 89.9935 89.9963 89.9023 89.9895 89.9892 89.9974 89.9863 89.9833 89.9704 89.9766 89.9944 89.9964 89.9962 89.9948 89.9964 89.9969 89.9936 89.9962 89.9943 89.9976 89.9973 89.9968 89.9976 89.9949 89.995 89.9983 89.9968 89.9975 89.9947 89.9978
-9999 -9999 -9999 -9999 -9999 -9999 -9999 -9999 -9999 -9999 -9999 -9999 -9999 -9999 -9999 -9999 -9999 -9999 -9999 -9999 -9999 -9999 -9999 -9999 89.4703 88.0909 89.9892 89.9947 89.9943 89.9742 89.978 89.9851 89.994 89.9869 89.9917 89.9973 89.9951 89.9963 89.9976 89.998 89.9977 89.9982 89.9959 89.9671 89.9869 89.9967 89.9955 89.9313 89.9894 89.9956 89.9975 89.9956 89.9971 89.994 89.9966 89.9965 89.9972 89.9966 89.9961 89.9981 89.9976 89.9972 89.9953 89.9939 89.9967 89.9864 89.9965 89.9977 89.9968 89.994
-9999 -9999 -9999 -9999 -9999 -9999 -9999 -9999 -9999 -9999 -9999 -9999 -9999 -9999 -9999 -9999 -9999 89.8702 -9999 -9999 -9999 -9999 -9999 -9999 -9999 -9999 89.9949 89.9879 89.9801 89.9882 89.9653 89.9952 89.9929 89.994 89.9913 89.997 89.9961 89.997 89.9974 89.9975 89.9971 89.9876 89.9975 89.9963 89.9926 89.9713 89.997 89.9937 89.9973 89.9967 89.9983 89.996 89.9976 89.9971 89.9955 89.9982 89.9978 89.9956 89.9966 89.9952 89.9976 89.9958 89.9968 89.997 89.9878 89.9899 89.9963 89.9962 89.9962 89.9967
-9999 -9999 -9999 -9999 -9999 -9999 -9999 -9999 -9999 -9999 -9999 -9999 -9999 -9999 -9999 -9999 -9999 89.9394 -9999 -9999 -9999 -9999 89.6839 89.8199 89.9322 89.9624 89.9822 89.9571 89.9916 89.9889 89.9435 89.9956 89.9961 89.9776 89.9981 89.9974 89.9969 89.9951 89.9931 89.998 89.9965 89.9964 89.9979 89.9971 89.9912 89.9913 89.9953 89.9953 89.9964 89.9967 89.9977 89.9982 89.9959 89.9933 89.9979 89.9981 89.9972 89.9974 89.9965 89.9984 89.9926 89.9965 89.9942 89.9938 89.994 89.9922 89.9931 89.9969 89.9968 89.9976
-9999 -9999 -9999 -9999 -9999 -9999 -9999 -9999 -9999 -9999 -9999 -9999 -9999 -9999 -9999 -9999 -9999 -9999 89.9865 -9999 -9999 -9999 -9999 89.9273 89.778 89.9532 89.7584 89.9866 89.9768 89.9903 89.9191 89.9938 89.9881 89.9909 89.9987 89.9379 89.9969 89.9955 89.9915 89.9844 89.9944 89.9962 89.9982 89.9967 89.9946 89.9942 89.9811 89.9924 89.9965 89.9805 89.9967 89.9978 89.9979 89.9948 89.9965 89.9963 89.9981 89.9971 89.9888 89.9935 89.9967 89.9959 89.9914 89.991 89.9953 89.9971 89.9973 89.9971 89.9917 89.993
-9999 -9999 -9999 -9999 -9999 -9999 -9999 -9999 -9999 -9999 -9999 -9999 -9999 -9999 -9999 -9999 -9999 -9999 -9999 -9999 -9999 -9999 -9999 -9999 -9999 89.9731 89.9909 89.9939 89.9932 89.971 89.9814 89.9676 89.9291 89.9517 89.9963 89.9986 89.9954 89.997 89.9962 89.996 89.9943 89.9909 89.9967 89.998 89.9969 89.9947 89.9921 89.9939 89.9927 89.9968 89.9972 89.998 89.9972 89.9967 89.9964 89.9972 89.997 89.9982 89.9811 89.997 89.9962 89.9969 89.9895 89.9955 89.9958 89.9949 89.994 89.9967 89.9965 89.9896
-9999 -9999 -9999 -9999 -9999 -9999 -9999 -9999 -9999 -9999 -9999 -9999 -9999 -9999 -9999 -9999 -9999 -9999 -9999 -9999 -9999 -9999 -9999 -9999 -9999 -9999 89.9863 89.9925 89.9873 89.953 89.993 89.9541 89.9775 89.9746 89.9951 89.9926 89.9966 89.9967 89.9973 89.9978 89.9921 89.994 89.9941 89.9967 89.9975 89.9964 89.996 89.9966 89.9954 89.9966 89.9967 89.9979 89.9976 89.9949 89.9941 89.9869 89.993 89.9978 89.9958 89.9981 89.9957 89.9963 89.9676 89.9936 89.9933 89.9953 89.9964 89.9967 89.9957 89.9933
-9999 -9999 -9999 -9999 -9999 -9999 -9999 -9999 -9999 -9999 -9999 -9999 -9999 -9999 -9999 -9999 -9999 -9999 -9999 -9999 -9999 -9999 89.9286 -9999 -9999 -9999 89.9862 89.987 89.9883 89.9871 89.963 89.9866 89.9868 89.9932 89.9898 89.9965 89.9925 89.9964 89.9913 89.9975 89.9961 89.996 89.9895 89.9933 89.9975 89.9942 89.9968 89.9926 89.9962 89.9982 89.9957 89.9961 89.9973 89.9819 89.9962 89.9887 89.9955 89.9977 89.997 89.9907 89.9957 89.9959 89.9928 89.9961 89.9961 89.9959 89.9971 89.9957 89.9967 89.9907
-9999 -9999 -9999 -9999 -9999 -9999 -9999 -9999 -9999 -9999 -9999 -9999 -9999 -9999 -9999 -9999 -9999 -9999 -9999 -9999 -9999 -9999 -9999 89.9683 89.938 -9999 89.8809 89.9897 89.9851 89.9907 89.9146 89.9838 89.9859 89.9894 89.9958 89.9927 89.9747 89.9885 89.996 89.9937 89.9936 89.991 89.9948 89.9795 89.9864 89.9953 89.9957 89.9947 89.9796 89.9965 89.9975 89.9955 89.9956 89.9938 89.9908 89.9938 89.9972 89.9967 89.9925 89.9922 89.994 89.9929 89.9907 89.9962 89.9964 89.9937 89.9967 89.9943 89.9961 89.9976
-9999 -9999 -9999 -9999 -9999 -9999 -9999 -9999 -9999 -9999 -9999 -9999 -9999 -9999 -9999 -9999 -9999 -9999 89.9799 -9999 -9999 -9999 -9999 89.9727 0 -9999 89.9566 89.961 89.992 89.9834 89.9778 89.986 89.9881 89.981 89.9646 89.9942 89.9935 89.9958 89.9956 89.9973 89.9927 89.995 89.9954 89.9965 89.9878 89.9959 89.9971 89.9972 89.9958 89.9979 89.9963 89.9936 89.9977 89.9962 89.9938 89.9976 89.9956 89.997 89.998 89.9967 89.9976 89.9958 89.9961 89.9931 89.9972 89.9949 89.9977 89.9977 89.9973 89.997
-9999 -9999 -9999 -9999 -9999 -9999 -9999 -9999 -9999 -9999 -9999 -9999 -9999 -9999 -9999 -9999 -9999 -9999 -9999 -9999 -9999 -9999 -9999 89.7299 -9999 -9999 89.9704 89.9822 89.9728 89.9913 89.9967 89.9874 89.9957 89.9682 89.995 89.9837 89.987 89.9972 89.9924 89.9944 89.9952 89.996 89.997 89.9976 89.9865 89.9962 89.9957 89.9961 89.9928 89.9951 89.9853 89.9902 89.9974 89.9968 89.9965 89.9967 89.9942 89.9945 89.9971 89.9972 89.9855 89.9954 89.9938 89.9893 89.9936 89.9968 89.9949 89.9968 89.9976 89.99
-9999 -9999 -9999 -9999 -9999 -9999 -9999 -9999 -9999 -9999 -9999 -9999 -9999 -9999 -9999 -9999 -9999 89.9466 89.9699 -9999 -9999 -9999 -9999 89.9874 -9999 89.7258 89.9821 89.9776 89.9721 89.9895 89.9948 89.9888 89.9863 89.9795 89.9848 89.9826 89.9863 89.9918 89.9161 89.997 89.9876 89.9911 89.9952 89.993 89.995 89.9932 89.9948 89.9771 89.9909 89.9953 89.9834 89.9914 89.9964 89.9903 89.9945 89.9963 89.994 89.988 89.9951 89.9974 89.9904 89.9951 89.9901 89.9924 89.9948 89.9965 89.9932 89.9964 89.997 89.9972
-9999 -9999 -9999 -9999 -9999 -9999 -9999 -9999 -9999 -9999 -9999 -9999 -9999 -9999 -9999 -9999 -9999 89.9644 89.7992 89.9789 89.9897 89.9627 89.9492 89.9516 -9999 -9999 89.9928 89.9873 89.9847 89.972 89.9748 89.9914 89.9782 89.9907 89.988 89.9857 89.9902 89.9963 89.9977 89.9973 89.9863 89.9964 89.996 89.9962 89.9964 89.9976 89.9965 89.9955 89.9968 89.9966 89.9884 89.9935 89.9965 89.9961 89.9947 89.9976 89.9417 89.9359 89.997 89.9954 89.9915 89.9791 89.9967 89.998 89.9971 89.9958 89.996 89.9923 89.9967 89.9975
-9999 -9999 -9999 -9999 -9999 -9999 -9999 -9999 -9999 -9999 -9999 -9999 -9999 -9999 -9999 -9999 -9999 89.9827 89.9521 89.9634 89.9564 89.9927 89.9855 89.8852 89.686 89.7765 89.9859 89.9882 89.9902 89.915 89.9861 89.9891 89.9761 89.9795 89.9849 89.9693 89.9937 89.996 89.9955 89.9964 89.9929 89.9923 89.9963 89.9963 89.9953 89.9905 89.9948 89.9964 89.9967 89.9836 89.9745 89.9931 89.9969 89.996 89.996 89.996 89.9823 89.9594 89.9959 89.9952 89.9894 89.9938 89.996 89.9972 89.9946 89.8554 89.9967 89.9934 89.992 89.9976
-9999 -9999 -9999 -9999 -9999 -9999 -9999 -9999 -9999 -9999 -9999 -9999 -9999 -9999 -9999 -9999 89.9918 89.9641 89.9571 89.9253 89.9897 89.9888 89.9842 89.9776 -9999 89.9664 89.9903 89.992 89.9823 89.9819 89.9424 89.9941 89.9594 89.9462 89.9745 89.9886 89.9964 89.998 89.9923 89.9925 89.9929 89.9945 89.9965 89.9954 89.9896 89.9792 89.9918 89.9865 89.9904 89.9527 89.9945 89.9939 89.9949 89.9939 89.995 89.9129 89.7258 89.8353 89.9379 89.9934 89.9965 89.995 89.9975 89.9965 89.9949 89.9981 89.9975 89.996 89.9956 89.9905
-9999 -9999 -9999 -9999 -9999 -9999 -9999 -9999 -9999 -9999 -9999 -9999 -9999 -9999 -9999 89.9869 89.9845 89.9879 89.9825 89.9854 89.963 89.9835 89.9779 89.9947 -9999 89.982 89.9845 89.9811 89.9853 89.9322 89.979 89.9846 89.9769 89.9901 89.9905 89.8171 89.9964 89.9961 89.9951 89.9963 89.9969 89.9974 89.9979 89.9758 89.9426 89.9793 89.9915 89.9916 89.984 89.9945 89.9922 89.9922 89.9959 89.9897 89.985 89.9853 89.7684 89.7765 89.146 89.9953 89.9949 89.996 89.9937 89.9957 89.9974 89.9979 89.996 89.9981 89.9974 89.9972
-9999 -9999 -9999 -9999 -9999 -9999 -9999 -9999 -9999 -9999 -9999 -9999 -9999 -9999 -9999 89.981 89.9355 89.9675 89.9529 89.9485 89.97 89.9247 89.9916 89.9653 89.8061 89.9875 89.9692 89.9901 89.9725 89.9557 89.9801 89.7503 89.9902 89.9912 89.941 89.9274 89.9551 89.9958 89.9968 89.9906 89.9977 89.9944 89.9961 89.9882 89.9833 89.9668 89.9653 89.9907 89.9948 89.9959 89.9906 89.9941 89.9958 89.9693 89.9668 89.3961 89.2509 89.2509 89.8535 89.9179 89.9943 89.9976 89.9937 89.9734 89.9942 89.9963 89.9946 89.9958 89.9964 89.9939
-9999 -9999 -9999 -9999 -9999 -9999 -9999 -9999 -9999 -9999 -9999 -9999 -9999 -9999 89.9759 89.9848 89.9622 89.9733 89.9888 89.9901 89.9877 89.9934 89.9867 89.9706 89.932 89.9692 89.9814 89.9693 89.9753 89.9791 89.9745 89.9647 89.9274 89.9872 89.929 89.9118 89.9973 89.9928 89.9962 89.9981 89.9976 89.9961 89.9964 89.9789 89.9866 89.9884 89.9748 89.9838 89.9967 89.9976 89.9894 89.9851 89.9952 89.9594 89.8341 87.301 89.9649 89.8978 89.8234 89.9883 89.9965 89.9906 89.9974 89.9978 89.9972 89.9956 89.9965 89.9976 89.9928 89.9891
-9999 -9999 -9999 -9999 -9999 -9999 -9999 -9999 -9999 -9999 -9999 -9999 -9999 -9999 89.9688 89.9684 89.9862 89.9796 89.9871 89.969 89.9874 89.9867 89.9551 89.9297 89.9578 89.977 89.9749 89.9804 89.9783 89.9772 89.9553 89.9286 89.9617 89.9772 89.9566 89.9845 89.9966 89.9972 89.9961 89.9421 89.9955 89.9973 89.9972 89.9949 89.9877 89.9935 89.9931 89.9916 89.985 89.9912 89.9954 89.9952 89.9826 89.9949 89.9913 89.9955 89.989 89.974 89.618 89.9621 89.9957 89.9978 89.9962 89.9952 89.9959 89.9957 89.9933 89.9978 89.991 89.9803
-9999 -9999 -9999 -9999 -9999 -9999 -9999 -9999 -9999 -9999 -9999 -9999 -9999 -9999 -9999 89.9538 89.9541 89.7299 89.9877 89.9899 89.9632 89.9774 89.9747 89.917 89.843 89.9545 89.9676 89.9394 89.9719 89.9856 89.9351 89.9563 89.9615 89.9854 89.9894 89.9979 89.9943 89.9978 89.9946 89.9964 89.9972 89.9981 89.9862 89.9888 89.9952 89.9892 89.9944 89.9777 89.9894 89.9975 89.9958 89.9623 89.9931 89.9827 89.9858 89.9893 89.9951 89.9643 89.9088 89.9251 89.9745 89.9955 89.993 89.9959 89.9963 89.9967 89.9968 89.9964 89.9956 89.9965
-9999 -9999 -9999 -9999 -9999 -9999 -9999 -9999 -9999 -9999 -9999 -9999 -9999 -9999 -9999 89.9481 89.9761 89.9905 89.9846 89.991 89.977 89.9851 89.9587 89.8183 89.9762 89.927 89.9541 89.9295 89.9056 89.9783 89.9545 89.961 89.9774 89.9927 89.9882 89.998 89.9978 89.9968 89.9963 89.9931 89.9955 89.994 89.9745 89.998 89.9975 89.9928 89.995 89.9805 89.8414 89.8127 89.9762 89.9912 89.9803 89.9519 89.9978 89.9971 89.9966 89.982 89.9736 89.9904 89.992 89.9551 89.9899 89.9935 89.9969 89.9963 89.995 89.9956 89.9926 89.9878
-9999 -9999 -9999 -9999 -9999 -9999 -9999 -9999 -9999 -9999 89.9578 -9999 -9999 -9999 -9999 -9999 89.9549 89.9832 89.9835 89.9295 89.9786 89.9876 89.7584 89.9667 89.9543 89.9525 89.8839 89.8483 89.9221 89.6255 89.8715 89.8341 89.9576 89.996 89.9877 89.997 89.9949 89.9954 89.9964 89.9517 89.9965 89.9975 89.9981 89.9977 89.9965 89.9953 89.7377 89.9726 89.9456 89.7137 89.988 89.8968 89.9775 89.985 89.9977 89.9934 89.9835 89.629 89.9831 89.9912 89.9951 89.9879 89.9924 89.9956 89.9928 89.9939 89.9973 89.9962 89.9925 89.9948
-9999 -9999 -9999 -9999 -9999 -9999 -9999 -9999 -9999 -9999 89.968 89.9758 -9999 -9999 -9999 89.9621 89.9802 89.9909 89.9691 89.9547 89.9917 89.9753 89.7312 89.9809 89.9876 89.9546 89.9757 89.9474 89.9646 89.9092 89.9582 89.9721 89.9548 89.9955 89.9646 89.994 89.9966 89.996 89.9914 89.9905 89.9974 89.9977 89.9961 89.992 89.9943 89.9978 89.9896 89.9958 89.9496 89.852 89.9532 89.9563 89.9959 89.9978 89.9957 89.995 89.9552 89.9529 89.9859 89.9793 89.9376 89.9919 89.9949 89.9947 89.9964 89.9855 89.9937 89.9941 89.9974 89.9945
-9999 -9999 -9999 -9999 -9999 -9999 -9999 -9999 -9999 -9999 -9999 -9999 -9999 -9999 -9999 89.9637 89.9821 -9999 89.9861 89.9912 89.9558 -9999 89.7816 89.9876 89.9791 89.9734 89.9325 89.9329 89.9722 89.9828 89.9819 89.8061 89.9907 89.9911 89.9427 89.9871 89.9969 89.9965 89.9888 89.9723 89.998 89.9941 89.9828 89.9946 89.9864 89.7258 89.9908 89.994 89.9972 89.9875 89.91 89.9789 89.9924 89.9978 89.9775 89.9884 89.9928 89.9954 89.974 89.9665 89.9885 89.9923 89.9839 89.9649 89.9945 89.9982 89.9861 89.9966 89.9945 89.9959
-9999 -9999 -9999 -9999 -9999 -9999 -9999 -9999 -9999 -9999 -9999 -9999 -9999 -9999 -9999 -9999 89.9837 89.984 89.9867 -9999 -9999 -9999 -9999 -9999 0 89.9397 89.9566 89.9251 89.8328 89.9612 89.9358 89.9853 89.9726 89.9929 89.9967 89.9901 89.9938 89.9976 89.9982 89.9932 89.9973 89.9963 89.9936 89.9971 88.0909 89.9854 89.9822 89.9921 89.9972 89.9947 89.9758 89.9939 89.9975 89.9939 89.9966 89.9927 89.9921 89.9759 89.9788 89.9866 89.9946 89.9943 89.994 89.8843 89.9739 89.9943 89.9941 89.985 89.9961 89.9832
-9999 -9999 -9999 -9999 -9999 -9999 -9999 -9999 -9999 -9999 -9999 -9999 -9999 -9999 -9999 -9999 -9999 -9999 -9999 -9999 -9999 -9999 -9999 -9999 -9999 -9999 -9999 -9999 -9999 -9999 -9999 -9999 -9999 -9999 -9999 -9999 -9999 -9999 -9999 -9999 -9999 -9999 -9999 -9999 -9999 -9999 -9999 -9999 -9999 -9999 -9999 -9999 -9999 -9999 -9999 -9999 -9999 -9999 -9999 -9999 -9999 -9999 -9999 -9999 -9999 -9999 -9999 -9999 -9999 -9999
