Madagascar1218CLEAN/DATA/sloperightz.txt
ncols         251
nrows         471
xllcorner     43.217484268189
yllcorner     -25.606154098314
cellsize      0.029
NODATA_value  -9999
[rows 310 to 340 of 471, columns 0 to 69 of 251]
-9999 -9999 -9999 -9999 -9999 -9999 -9999 -9999 -9999 -9999 -9999 -9999 -9999 -9999 -9999 -9999 -9999 -9999 -9999 -9999 -9999 -9999 0 69.716 58.5494 69.4491 76.3134 58.5494 78.4092 80.671 78.8682 77.9436 84.3201 79.7257 83.6122 83.8772 82.0602 74.8788 78.1677 77.3286 87.3697 86.2726 77.0657 87.8086 86.8094 88.5801 84.3418 84.575 84.1359 87.4167 86.4123 86.6314 60.0094 85.2656 80.1106 86.154 86.8657 87.5821 86.0532 82.9195 81.762 85.3636 82.0063 84.2993 83.6349 85.1297 84.3855 86.9747 87.1499 87.7839
-9999 -9999 -9999 -9999 -9999 -9999 -9999 -9999 -9999 -9999 -9999 -9999 -9999 -9999 -9999 -9999 -9999 -9999 -9999 -9999 -9999 -9999 0 55.11 80.8102 74.0582 75.214 65.4931 76.216 76.3134 80.776 86.5373 82.9918 82.895 81.6549 74.5198 82.7846 82.5475 81.5168 87.2356 82.8519 82.8033 85.5296 88.3561 88.5687 88.9404 85.8052 83.5809 76.3134 85.6134 86.228 81.5623 81.2442 86.2001 85.3018 86.3842 83.8656 82.2036 85.0887 85.0678 83.1421 80.8441 84.3281 84.7905 84.897 88.3501 88.1594 85.7982 87.6695 75.9108
-9999 -9999 -9999 -9999 -9999 -9999 -9999 -9999 -9999 -9999 -9999 -9999 -9999 -9999 -9999 -9999 -9999 -9999 -9999 -9999 -9999 -9999 22.0773 77.4418 74.986 76.2973 73.8512 76.5482 69.8198 74.2575 75.3537 84.7682 84.8212 80.9758 81.7968 81.2442 82.9918 69.716 75.5278 80.0679 84.9201 85.9089 84.6921 88.7809 87.9466 88.8263 88.6175 85.9374 75.5278 84.6657 84.4984 85.0182 84.3922 85.0976 86.2855 84.8794 76.8002 80.5676 78.4769 81.2568 87.8478 82.9395 79.9172 83.2697 88.2408 87.9961 88.267 87.4424 88.5097 85.9689
-9999 -9999 -9999 -9999 -9999 -9999 -9999 -9999 -9999 -9999 -9999 -9999 -9999 -9999 -9999 -9999 -9999 -9999 -9999 -9999 -9999 -9999 53.6815 76.3134 78.7719 79.8195 76.3134 72.4126 73.6083 75.9108 79.2456 86.6881 85.7959 85.2556 78.0732 85.4048 80.5833 81.071 86.154 86.4097 85.0244 83.2525 81.8448 87.9309 87.2275 88.0407 84.9267 86.3554 82.6165 82.9766 87.8326 88.1547 80.0184 87.5721 87.8954 85.9499 82.9395 81.5774 81.2442 71.6495 80.1706 85.7336 83.7481 87.9493 87.7939 86.5562 88.0497 82.6959 88.2459 86.2384
-9999 -9999 -9999 -9999 -9999 -9999 -9999 -9999 -9999 -9999 -9999 -9999 -9999 -9999 -9999 -9999 -9999 -9999 -9999 -9999 -9999 -9999 79.0536 78.5434 74.4496 79.4205 77.821 79.45 78.9452 77.3793 87.0372 84.0201 86.4423 84.2392 83.6446 83.8944 73.8512 85.2081 87.2244 87.1896 86.63 86.4218 84.6987 88.3554 88.0083 86.2357 86.3874 82.116 84.1796 86.4765 84.975 85.8167 85.1434 85.5797 86.136 85.3147 87.4382 83.6462 87.5389 77.6239 63.8649 84.469 86.2467 86.9869 85.8367 86.4375 88.4642 87.6275 88.4171 84.9267
-9999 -9999 -9999 -9999 -9999 -9999 -9999 -9999 -9999 -9999 -9999 -9999 -9999 -9999 -9999 -9999 -9999 -9999 -9999 -9999 -9999 -9999 76.2324 79.45 78.9789 61.1319 76.3134 79.1025 83.5016 86.0949 86.1933 78.4769 83.1662 77.7983 80.2296 81.0754 81.762 85.0065 87.0027 86.8787 86.4958 87.6394 83.6638 87.2088 86.0109 89.0784 87.6809 83.46 86.1389 86.4993 79.6571 84.2923 84.6008 79.3303 86.2983 84.8794 85.5251 87.1567 84.9591 85.3358 86.136 86.3138 80.6557 85.5601 88.2483 87.9466 88.8406 88.3312 82.3869 88.5453
-9999 -9999 -9999 -9999 -9999 -9999 -9999 -9999 -9999 -9999 -9999 -9999 -9999 -9999 -9999 -9999 -9999 -9999 -9999 -9999 -9999 78.0732 76.049 77.133 71.8026 78.3994 77.5641 84.0625 81.5053 80.9248 84.1105 84.0441 74.0582 76.0997 81.6512 78.0732 79.5084 84.7905 87.0155 87.1375 87.4904 88.3735 86.7239 87.8188 86.6232 84.3281 85.9003 87.3016 81.4976 85.7316 82.1435 86.8344 83.8872 81.451 86.3939 87.4108 86.4215 86.8484 84.4444 87.167 86.5602 79.1429 83.5204 86.9471 87.6269 88.6417 87.0674 88.6134 87.1601 87.3097
-9999 -9999 -9999 -9999 -9999 -9999 -9999 -9999 -9999 -9999 -9999 -9999 -9999 -9999 -9999 -9999 -9999 -9999 -9999 -9999 -9999 77.2773 75.1528 81.0033 76.2324 80.7464 74.5198 78.1155 85.4743 84.2248 77.3286 79.6222 83.5204 69.2278 82.3054 84.2818 81.7899 84.3474 86.4154 87.3266 88.0208 87.0175 87.4707 86.9132 87.9894 77.7983 86.6808 85.3592 86.6688 82.2272 76.8432 86.0081 87.7953 82.8656 84.708 87.3697 87.0036 87.2124 85.7739 87.0838 85.1297 87.3024 84.7905 82.9461 87.703 88.4804 86.5991 88.4583 87.3664 87.6339
-9999 -9999 -9999 -9999 -9999 -9999 -9999 -9999 -9999 -9999 -9999 -9999 -9999 -9999 -9999 -9999 -9999 -9999 -9999 -9999 -9999 76.0148 77.3286 77.6239 78.3204 79.6571 80.7464 86.3672 81.8617 84.5036 82.6089 83.8129 85.5535 78.8768 84.1397 79.7595 83.9713 87.414 87.0868 86.8431 86.0825 88.2794 87.7961 87.9787 82.5963 84.9719 83.2428 87.4881 87.9271 87.8905 75.3537 84.2583 85.472 85.923 87.5749 85.1563 85.1613 86.3962 85.6139 81.4116 83.6986 72.3784 86.8831 87.6703 88.2215 86.5479 88.4984 86.2503 86.7318 87.3993
-9999 -9999 -9999 -9999 -9999 -9999 -9999 -9999 -9999 -9999 -9999 -9999 -9999 -9999 -9999 -9999 -9999 -9999 -9999 -9999 81.8516 72.4126 75.9457 72.9959 83.6638 84.7209 83.9617 86.0236 86.0597 84.8777 85.5105 76.2973 77.1062 82.0318 76.0997 84.2583 87.1496 77.5641 82.1586 87.6275 87.6892 87.8151 86.5944 83.3632 87.5648 86.0855 87.9825 87.2886 86.5602 79.7121 81.6549 81.0306 86.0658 86.8595 87.2519 84.8046 86.0193 85.5667 87.2891 86.0882 86.938 86.7071 85.0565 87.0637 88.0519 88.5785 88.8116 88.6446 87.9388 88.3222
-9999 -9999 -9999 -9999 -9999 -9999 -9999 -9999 -9999 -9999 -9999 -9999 -9999 -9999 -9999 -9999 -9999 -9999 -9999 -9999 74.7024 74.589 78.9705 73.9298 83.9617 82.6983 81.4976 84.7967 81.1761 84.3922 86.2397 81.9546 76.5482 81.0351 82.4765 85.2334 82.8033 83.8129 83.1801 86.0034 85.073 84.9719 85.2597 84.8256 84.0756 85.4296 87.0054 82.8033 85.3592 87.2455 82.3423 87.5233 45.398 85.4391 84.708 87.0346 86.8358 83.6056 87.6123 87.9501 83.2137 86.6099 85.4248 87.704 88.879 89.2039 88.7559 88.7783 87.9441 82.8033
-9999 -9999 -9999 -9999 -9999 -9999 -9999 -9999 -9999 -9999 -9999 -9999 -9999 -9999 -9999 -9999 0 -9999 49.7801 76.0148 75.5278 74.0582 72.1333 78.8422 79.2378 85.71 85.9432 82.524 87.4151 85.6745 82.3841 76.8002 79.1106 85.5732 75.3537 82.2036 77.9105 85.2253 84.587 79.2378 86.4871 85.3859 83.3001 86.1123 87.5157 85.206 85.2143 82.8519 85.3592 87.554 86.4157 87.7279 70.7776 82.6089 87.0371 84.3281 86.109 87.0521 88.4482 87.916 85.5201 84.7209 87.7945 83.7634 86.7355 87.1577 88.5847 87.5749 87.6551 89.0217
-9999 -9999 -9999 -9999 -9999 -9999 -9999 -9999 -9999 -9999 -9999 66.6126 58.5494 62.5358 64.1951 45.398 40.7087 48.9217 67.1551 77.3414 64.7184 69.2278 69.2838 75.6773 75.6218 86.3454 88.2709 86.4917 83.6446 72.3784 77.3414 80.2817 80.4877 79.2612 66.2005 85.8033 72.9959 84.2642 76.8432 79.45 85.8295 84.8769 81.7409 84.5233 87.2136 70.7776 84.975 87.164 87.118 81.1804 85.0221 87.1232 83.3887 86.4646 77.7294 87.839 85.2088 86.888 85.9706 88.1267 83.2137 85.6694 88.6729 87.1137 87.3633 88.3938 84.9102 87.1147 85.4997 88.4824
-9999 -9999 -9999 -9999 -9999 -9999 -9999 -9999 -9999 -9999 77.9436 59.1217 36.1742 50.9699 40.7087 59.1217 24.3929 24.3929 65.4001 77.4418 78.4092 78.0732 77.7983 83.285 84.0321 86.8484 76.216 81.0531 80.962 84.3855 82.9723 81.6071 75.5278 80.7364 78.6273 24.3929 83.3282 86.1182 83.239 82.8519 84.7682 81.2103 85.1174 87.2487 86.3874 87.2841 84.5036 77.821 86.5068 86.8795 85.2577 85.9055 85.7913 85.4836 86.2361 86.6385 86.1981 84.489 87.3899 87.3779 86.1064 86.6089 87.3834 87.7814 84.283 87.0642 88.7459 89.0399 88.0392 87.0036
-9999 -9999 -9999 -9999 -9999 -9999 -9999 -9999 -9999 50.5854 40.7087 39.901 22.0773 45.398 45.9597 36.1742 29.8386 55.8892 32.6722 75.1528 72.0613 75.7504 79.2921 82.6615 83.7725 86.052 78.2499 84.5036 82.4977 85.3121 82.0063 78.2803 85.8331 86.4721 84.9679 85.2253 82.1677 86.3827 78.5528 83.093 77.7983 83.192 82.6165 86.5862 86.9537 86.4065 86.2651 84.2248 85.3939 85.9162 76.942 86.8618 74.233 86.5373 85.2143 83.7079 86.7017 84.9877 88.1833 85.3654 83.4494 87.2886 88.2323 89.06 87.4245 86.9365 86.9572 89.2216 87.6909 57.078
-9999 -9999 -9999 -9999 -9999 -9999 -9999 -9999 -9999 64.1951 54.838 40.7087 61.8602 45.9597 52.0578 32.6722 11.464 49.7801 45.398 80.4823 75.7504 81.1371 82.9062 77.0112 85.8934 86.3732 85.1145 81.9644 82.1797 75.5278 74.7024 88.3424 87.1805 85.4968 76.1499 81.071 82.6089 77.6239 83.192 76.8999 83.4861 84.3201 84.0743 87.7447 87.0697 84.0899 84.2818 86.6069 83.8772 84.7861 85.8295 86.4557 83.7079 87.1338 86.0334 85.0251 86.4696 84.6884 85.2469 85.8773 86.9927 84.58 87.4715 87.7299 86.4677 88.6847 88.6866 88.7562 81.5015 87.0779
-9999 -9999 -9999 -9999 -9999 -9999 -9999 -9999 -9999 0 32.6722 58.5494 61.43 59.1217 31.3161 39.0487 11.464 61.2821 61.43 82.0789 79.5871 82.6216 82.5267 81.2146 79.0536 85.9055 74.7693 80.9294 81.709 80.0679 88.0452 86.1108 87.7966 85.498 85.3579 81.6366 81.3066 79.3303 77.7983 86.5161 86.9621 86.7442 85.384 88.3767 87.7678 81.1761 87.0353 83.777 75.7504 80.35 87.1195 86.2046 87.8622 85.9808 86.7961 55.6354 86.2906 66.2005 84.6543 85.7336 87.6477 87.1316 88.5964 87.9709 88.6095 88.463 89.5323 89.2728 89.4707 86.9073
-9999 -9999 -9999 -9999 -9999 -9999 -9999 -9999 58.5494 65.8546 54.838 58.5494 61.8602 11.464 11.464 32.6722 61.43 72.6792 24.3929 81.0306 81.3066 78.4092 82.2506 83.5859 83.1742 82.0602 82.659 82.5963 82.2154 86.4754 82.5681 78.0305 88.2755 85.5667 74.68 86.7789 77.3793 82.9723 83.4211 84.6398 88.3964 88.343 85.4319 88.9345 88.919 86.0551 87.5617 86.6089 85.0827 82.8312 84.3777 84.5284 87.5327 87.6372 87.8177 86.9537 83.5016 86.6428 86.9551 83.3114 85.2556 83.6844 88.6912 87.4831 88.9597 89.013 89.3215 89.3997 89.5471 87.3064
-9999 -9999 -9999 -9999 -9999 -9999 -9999 -9999 16.0029 45.9597 55.11 52.0578 73.2666 66.2005 40.7087 24.3929 32.6722 48.9217 55.6354 80.0371 83.1602 71.5322 84.0201 85.787 84.7682 81.7338 83.789 78.4865 82.7178 65.4931 86.6003 83.4282 85.5792 82.6089 86.708 85.3339 81.451 84.3811 82.3423 83.0068 87.7231 87.6048 82.794 88.8674 87.9487 82.9062 86.418 71.1242 85.2388 84.7438 85.8167 86.6295 87.7453 88.2185 87.646 87.3062 86.3011 86.6198 86.985 86.1953 83.1095 88.8428 86.7197 86.8724 89.2999 88.7282 86.7186 87.0553 87.1112 86.6856
-9999 -9999 -9999 -9999 -9999 -9999 -9999 -9999 -9999 75.0282 60.0094 77.3793 59.1217 74.8788 47.5207 47.5207 50.5854 45.9597 39.901 81.1371 77.3286 84.7646 84.3281 81.8448 84.6648 81.8617 79.9619 84.3474 80.6913 86.3072 87.5908 88.3634 88.4931 76.8002 88.723 87.1232 84.6476 84.4679 85.599 87.1486 88.4139 88.3225 82.3054 83.0765 88.4534 88.3297 88.2639 83.2137 86.383 83.9171 87.8328 87.4507 87.6808 88.2197 85.591 85.0135 87.0448 86.6157 87.1577 86.2674 86.9298 88.718 88.6781 88.6222 87.4128 88.6207 87.2916 86.6595 86.3948 85.9545
-9999 -9999 -9999 -9999 -9999 -9999 -9999 -9999 54.838 70.8661 32.6722 82.4334 32.6722 70.0726 66.2005 68.9409 50.9699 45.9597 55.11 76.2973 84.1168 85.0436 84.489 80.1647 81.071 67.731 79.1106 82.5475 82.1586 87.6568 88.5726 87.9045 88.236 88.3092 87.8622 71.2907 84.6456 87.2549 87.8067 88.4863 87.1967 87.7924 88.8823 86.5602 88.6609 88.494 86.6945 86.6881 83.3114 85.0565 86.0658 87.9999 86.1769 83.7634 87.9022 87.7021 85.8685 86.4688 86.0462 83.1441 86.1123 88.2545 87.713 89.6038 87.7325 87.6631 85.9623 87.4371 86.0109 78.7719
-9999 -9999 -9999 -9999 -9999 -9999 -9999 -9999 -9999 70.4581 63.752 71.1242 52.4003 63.752 60.0094 11.464 55.8892 58.5494 16.0029 76.2973 85.5491 82.0944 85.2088 74.7024 84.0782 87.8474 83.1115 81.1371 86.1671 88.9786 89.0516 83.6986 83.0493 78.5528 85.498 85.0565 86.4563 83.8944 88.0593 86.9941 87.8668 87.393 89.0898 84.4764 87.788 87.5681 84.7209 85.8295 87.3342 85.9965 67.0799 87.7782 87.6375 88.0021 86.4246 87.9431 88.1855 86.9693 86.9696 88.1308 89.0053 86.5174 89.035 89.2393 87.6721 88.6259 82.8312 86.4596 81.9644 85.1977
-9999 -9999 -9999 -9999 -9999 -9999 -9999 -9999 -9999 54.838 67.0799 55.8892 55.11 55.8892 58.3513 58.5494 47.5207 65.1148 53.6815 67.936 86.2739 82.9723 81.0486 82.8678 86.7442 82.5162 78.4769 86.0287 88.243 87.3429 86.8326 79.5871 87.9434 82.0602 84.2923 87.4811 82.9766 83.6462 77.3793 79.45 83.8307 86.4123 85.9759 87.4418 87.547 87.9841 85.751 86.1642 85.4085 86.2503 86.4079 86.5166 84.8212 86.8296 88.8743 88.7814 86.9056 85.4248 86.0716 88.8064 89.3623 85.0827 88.553 85.3031 88.8979 87.3517 85.0565 86.938 86.3081 86.342
-9999 -9999 -9999 -9999 -9999 -9999 -9999 -9999 -9999 39.0487 58.5494 58.5494 61.43 61.43 55.11 22.0773 42.2062 53.6815 65.4931 58.5494 87.0223 81.7968 84.1956 80.4388 85.5964 83.5676 63.752 87.446 88.2949 89.2983 86.3948 81.596 88.4379 85.3102 86.4729 78.7093 84.3922 86.249 84.9267 83.9451 86.1657 87.4793 88.059 88.4285 88.6013 84.3292 87.8421 82.3423 85.7959 84.572 86.2596 83.026 86.0412 83.1501 85.761 85.8462 86.7338 86.222 87.3382 88.4719 87.144 89.0955 88.3763 87.6987 88.4414 85.7724 79.3832 87.5763 84.4774 84.8911
-9999 -9999 -9999 -9999 -9999 -9999 -9999 -9999 0 58.3513 65.1148 73.4116 62.5358 79.6778 74.233 65.4931 60.1779 42.2062 72.9959 64.4083 58.5494 85.9395 84.1359 84.3855 85.7739 83.5859 85.6266 86.9169 88.1541 89.3683 84.4774 78.6273 86.9264 85.3186 88.3399 85.5601 87.7815 85.5419 86.0734 86.3109 87.2408 84.3598 86.9123 86.8726 87.4405 85.2361 85.8052 80.4169 85.3147 84.9877 84.8212 79.7595 84.8978 85.1894 86.2199 84.9711 85.9893 88.7551 88.8793 87.09 88.7012 83.3001 86.0412 87.6729 87.7146 87.532 85.3785 86.894 85.0504 86.6945
-9999 -9999 -9999 -9999 -9999 -9999 -9999 68.5185 70.597 58.5494 24.3929 58.5494 63.4043 81.8617 61.8602 82.794 58.5494 40.7087 72.8713 68.0031 67.1551 52.4003 65.4001 78.1988 87.017 82.7752 87.8091 87.7003 88.4838 86.0393 83.7389 85.8529 47.5207 88.3674 85.8583 87.0049 87.3161 88.4898 86.9735 86.7336 86.3533 86.0287 88.5502 88.2044 87.1526 84.4174 87.1338 84.6243 84.6038 87.6686 85.6281 85.9192 86.4102 85.384 84.5919 86.3034 87.4193 86.4309 88.0898 87.7953 88.0946 86.7603 87.0801 11.464 69.8198 76.8432 86.6963 83.4739 86.4102 86.154
-9999 -9999 -9999 -9999 -9999 -9999 57.7337 75.5278 61.43 63.752 45.398 80.906 55.11 83.9931 80.0679 85.1035 85.7582 45.398 48.9217 70.9965 58.5494 39.0487 67.0799 81.9935 82.4116 76.5482 87.5717 88.5838 87.5876 89.3013 79.4205 86.5922 87.5145 86.6856 87.9001 85.5617 87.8378 86.0738 88.825 86.6077 88.3391 88.9278 83.8872 88.633 88.0584 82.4765 87.4926 86.7696 85.0221 85.6638 82.9461 85.6618 85.5732 86.0093 86.8688 85.9986 88.3219 89.2227 84.7438 87.1219 88.4719 87.0923 87.2937 87.1179 85.5996 80.776 87.0862 84.8046 86.1582 86.6264
-9999 -9999 0 -9999 -9999 72.514 66.6126 79.1106 61.8602 71.6495 70.5047 77.9105 74.0582 78.1988 81.6549 45.398 84.0638 49.7801 66.2005 72.3784 62.4046 45.398 32.6722 67.731 68.5185 85.0768 86.9012 88.8234 88.5289 84.4732 75.7504 86.9522 88.4513 87.6391 87.4573 83.9241 85.5535 86.0338 89.0508 88.7551 89.2082 86.9735 88.2765 87.0726 85.9154 86.9535 88.8922 80.1647 85.883 87.868 87.6855 87.2201 83.7219 82.8312 61.43 82.0851 88.4504 89.0262 87.435 86.1269 87.7453 86.8288 88.0442 86.924 85.0768 70.0726 84.8256 85.7394 86.1582 85.5926
-9999 -9999 -9999 -9999 61.8602 78.0732 83.9506 81.9774 76.8432 75.7504 76.4868 75.2943 55.8892 75.4512 71.2907 82.4524 85.2225 78.4092 81.2568 84.4562 85.9771 55.11 73.9298 73.2666 76.942 85.0221 87.9702 88.9828 88.1125 85.9828 77.9436 85.2122 88.9165 88.2981 87.966 89.0992 88.9597 88.7668 88.9713 89.002 85.7238 88.3563 88.6446 88.5245 88.0705 88.9197 87.4683 86.9551 84.3086 87.3819 87.3688 87.3625 85.0034 87.2805 87.5867 87.1046 88.618 88.9942 86.6177 80.2296 86.483 85.6245 84.1907 85.5667 85.9277 81.1804 84.0321 79.2689 85.498 84.1105
-9999 -9999 -9999 -9999 74.4496 75.4512 85.8951 74.9647 84.2005 71.6495 73.4116 79.7595 77.0657 70.6426 71.8402 80.0184 67.6614 83.46 82.7178 83.0577 83.3742 84.7682 78.9789 77.1062 78.5809 86.7285 88.1491 89.2129 85.0827 82.794 52.4003 85.6541 88.9967 89.0861 88.4422 89.374 88.8501 89.2088 88.7205 67.0799 88.0118 86.6244 88.5139 88.3701 86.4863 84.6987 86.0204 84.9655 85.1152 87.141 86.7879 87.1571 85.6203 86.867 86.1572 83.8656 85.9277 87.4857 85.0565 85.0887 84.7682 85.5964 87.2745 88.0039 85.8542 80.671 74.0072 83.0951 82.895 84.9877
-9999 -9999 -9999 -9999 63.8649 81.5774 83.8901 85.8529 72.9959 66.6126 69.8198 78.9197 66.2005 70.597 84.3474 75.5278 78.4673 80.3556 78.0305 83.3742 82.5162 85.6245 67.0799 77.1596 84.1547 87.5456 87.0674 88.3774 79.0536 70.7776 65.4931 88.5898 88.2044 87.5471 89.479 89.2499 88.8504 88.2925 88.5758 88.4276 88.5479 89.1915 88.0209 88.8656 88.5652 88.5018 88.8801 87.9193 86.4732 86.9696 87.4872 86.8385 85.7663 86.6106 86.7595 86.676 89.0007 81.9053 86.1123 85.8636 81.3917 86.7696 84.8463 87.5558 85.8671 86.2687 85.1977 84.2344 85.0565 84.0586
