Madagascar1218CLEAN/DATA/sloperightz.txt
ncols         251
nrows         471
xllcorner     43.217484268189
yllcorner     -25.606154098314
cellsize      0.029
NODATA_value  -9999
[rows 310 to 340 of 471, columns 140 to 209 of 251]
88.8543 82.3869 89.2141 87.5525 87.6194 89.8146 89.2048 89.5733 86.3112 88.1706 86.1389 87.2805 88.5459 87.3305 74.7024 88.8285 89.5992 89.3216 87.3385 84.6799 85.9395 89.1304 89.3189 89.3476 88.7059 87.5414 89.1712 64.7184 88.2962 88.6494 88.3138 86.2474 70.0726 77.4169 84.1105 85.6181 88.0681 83.6986 84.1105 29.8386 -9999 -9999 -9999 -9999 -9999 -9999 -9999 -9999 -9999 -9999 -9999 -9999 -9999 -9999 -9999 -9999 -9999 -9999 -9999 -9999 -9999 -9999 -9999 -9999 -9999 -9999 -9999 -9999 -9999 -9999
85.0887 88.111 88.3514 87.3931 89.049 89.0132 89.2964 89.3704 88.6066 88.636 88.4415 87.7217 88.9773 89.1271 89.2276 89.385 89.2382 88.9127 88.9994 89.2352 88.1284 88.6049 88.0171 89.0275 89.2179 87.8091 89.5002 89.2771 87.929 87.0674 88.5296 87.4614 75.6218 82.4497 80.3892 77.7294 87.4283 82.057 83.5425 -9999 -9999 -9999 -9999 -9999 -9999 -9999 -9999 -9999 -9999 -9999 -9999 -9999 -9999 -9999 -9999 -9999 -9999 -9999 -9999 -9999 -9999 -9999 -9999 -9999 -9999 -9999 -9999 -9999 -9999 -9999
86.0181 89.0007 87.7284 55.6354 88.1182 88.1385 88.3007 87.0302 86.0117 86.8984 89.306 83.2602 89.2638 87.2695 88.6012 89.4327 87.9841 89.174 86.9967 86.3386 89.0402 86.9423 88.4122 88.7083 88.8674 86.882 88.3081 88.0129 89.0574 88.1782 82.9395 72.8713 78.7363 83.285 62.5358 86.4557 84.2547 85.6365 71.8402 58.5494 -9999 -9999 -9999 -9999 -9999 -9999 -9999 -9999 -9999 -9999 -9999 -9999 -9999 -9999 -9999 -9999 -9999 -9999 -9999 -9999 -9999 -9999 -9999 -9999 -9999 -9999 -9999 -9999 -9999 -9999
88.3097 89.3606 89.5146 86.7715 87.8253 88.9738 89.2392 89.7202 89.5609 84.3677 88.984 89.3266 88.5979 86.6565 88.6666 88.2481 89.467 89.2739 87.753 87.5434 84.9964 83.8292 88.9556 88.9753 82.1344 88.6613 87.6777 88.5284 87.3371 88.9735 86.4123 87.2955 84.4347 81.3917 85.2469 85.1355 72.9027 82.3619 61.8602 -9999 -9999 -9999 -9999 -9999 -9999 -9999 -9999 -9999 -9999 -9999 -9999 -9999 -9999 -9999 -9999 -9999 -9999 -9999 -9999 -9999 -9999 -9999 -9999 -9999 -9999 -9999 -9999 -9999 -9999 -9999
88.3562 83.3705 84.226 86.8787 87.4715 88.5541 89.076 89.6353 89.7392 82.0664 89.0083 87.5881 87.891 89.0269 89.2615 89.2924 89.3608 88.1284 88.6963 87.3339 88.0407 85.9495 89.0225 89.1501 88.6933 88.9097 89.5199 89.4229 87.7922 87.8185 89.2011 81.9152 81.709 84.2547 84.6311 85.4621 84.0361 85.3883 71.8402 -9999 -9999 -9999 -9999 -9999 -9999 -9999 -9999 -9999 -9999 -9999 -9999 -9999 -9999 -9999 -9999 -9999 -9999 -9999 -9999 -9999 -9999 -9999 -9999 -9999 -9999 -9999 -9999 -9999 -9999 -9999
88.1158 87.7693 84.0441 86.9045 86.9859 88.1127 89.0885 89.4808 89.6179 89.4612 89.4218 88.8685 84.6476 87.7899 87.2891 88.8279 84.5109 88.46 89.6884 89.432 86.5433 85.465 75.214 89.5849 89.5162 88.5916 87.2455 87.6208 89.2269 87.5721 85.0587 82.2301 85.1556 84.8836 58.5494 83.026 16.0029 64.7184 72.3784 -9999 -9999 -9999 -9999 -9999 -9999 -9999 -9999 -9999 -9999 -9999 -9999 -9999 -9999 -9999 -9999 -9999 -9999 -9999 -9999 -9999 -9999 -9999 -9999 -9999 -9999 -9999 -9999 -9999 -9999 -9999
88.2684 87.6123 85.2972 86.7696 86.377 87.8639 87.6086 89.4677 89.0285 89.2266 89.7165 87.9003 88.8908 83.46 88.5954 82.4307 88.9917 83.9506 84.6648 89.0559 88.8604 86.1586 82.0063 87.9501 89.4999 86.2881 86.1586 89.1299 88.7351 89.0677 87.4127 85.0887 84.0756 79.7257 82.1677 81.5321 78.105 74.0072 -9999 -9999 -9999 -9999 -9999 -9999 -9999 -9999 -9999 -9999 -9999 -9999 -9999 -9999 -9999 -9999 -9999 -9999 -9999 -9999 -9999 -9999 -9999 -9999 -9999 -9999 -9999 -9999 -9999 -9999 -9999 -9999
82.8033 76.8432 80.7114 80.1227 86.1787 85.8367 89.3259 89.7531 89.5444 89.597 89.705 89.1519 86.5423 85.9192 89.2282 87.0551 88.2089 89.3587 86.9584 89.0259 89.4204 89.1235 88.3586 87.5649 89.3861 87.5569 82.8033 89.0002 88.3913 83.3356 86.5497 85.0458 86.1646 81.0033 86.4065 83.0765 75.7504 68.5185 -9999 -9999 -9999 -9999 -9999 -9999 -9999 -9999 -9999 -9999 -9999 -9999 -9999 -9999 -9999 -9999 -9999 -9999 -9999 -9999 -9999 -9999 -9999 -9999 -9999 -9999 -9999 -9999 -9999 -9999 -9999 -9999
88.4895 79.3303 87.6904 85.152 87.076 82.9723 88.6486 89.7957 89.704 89.7057 89.0075 84.4764 57.7337 88.975 88.9906 88.9737 89.6455 88.7453 88.7772 89.2673 89.4811 89.0318 89.3669 87.6425 89.3095 86.0532 87.5246 66.6126 82.7178 71.5322 76.216 84.6273 80.1706 74.9647 83.2137 81.0306 85.4048 -9999 -9999 -9999 -9999 -9999 -9999 -9999 -9999 -9999 -9999 -9999 -9999 -9999 -9999 -9999 -9999 -9999 -9999 -9999 -9999 -9999 -9999 -9999 -9999 -9999 -9999 -9999 -9999 -9999 -9999 -9999 -9999 -9999
85.2361 85.9632 75.2943 85.1662 87.1088 84.9486 86.3554 89.1866 89.7683 89.6213 89.6628 88.3895 88.0589 88.0685 88.3576 88.9876 87.5681 89.2426 88.3583 87.8542 88.0232 88.3437 80.868 88.8577 89.2602 87.0049 87.7748 87.4157 87.0506 69.2278 74.7024 59.1217 86.9295 85.3692 79.0371 82.1797 73.9037 -9999 -9999 -9999 -9999 -9999 -9999 -9999 -9999 -9999 -9999 -9999 -9999 -9999 -9999 -9999 -9999 -9999 -9999 -9999 -9999 -9999 -9999 -9999 -9999 -9999 -9999 -9999 -9999 -9999 -9999 -9999 -9999 -9999
86.228 74.7693 86.1447 84.584 88.4935 89.7054 89.635 89.7084 88.9119 87.8083 87.8598 87.2328 89.2975 88.0129 87.2545 84.7736 89.5978 89.2636 88.1151 89.2136 88.3495 88.478 84.5015 84.3384 83.7466 89.0406 87.2344 85.7297 73.8512 77.7983 45.9597 86.0204 85.8489 83.0951 86.773 81.4744 58.3513 -9999 -9999 -9999 -9999 -9999 -9999 -9999 -9999 -9999 -9999 -9999 -9999 -9999 -9999 -9999 -9999 -9999 -9999 -9999 -9999 -9999 -9999 -9999 -9999 -9999 -9999 -9999 -9999 -9999 -9999 -9999 -9999 -9999
87.6095 86.2467 87.8157 83.4157 89.1835 89.6143 89.0238 86.8713 83.697 86.7355 88.8041 87.1588 82.9395 88.6588 58.5494 89.0742 87.7518 89.2908 84.5057 87.9329 88.861 88.7334 88.1243 86.1787 82.6615 85.1035 86.0093 85.4951 84.8212 57.078 86.8454 86.0655 86.3854 83.0619 76.5482 83.4157 36.1742 -9999 -9999 -9999 -9999 -9999 -9999 -9999 -9999 -9999 -9999 -9999 -9999 -9999 -9999 -9999 -9999 -9999 -9999 -9999 -9999 -9999 -9999 -9999 -9999 -9999 -9999 -9999 -9999 -9999 -9999 -9999 -9999 -9999
88.7807 88.4427 81.5053 88.3434 82.7963 89.3718 89.6901 89.5463 78.105 85.079 87.9354 88.5978 87.2314 87.7735 88.3044 89.6213 88.7055 89.3016 89.355 84.1956 88.1181 87.9426 87.7768 87.385 86.4102 82.8033 67.8 83.026 84.994 88.0601 64.7184 87.4038 78.4287 86.6565 81.709 80.074 -9999 -9999 -9999 -9999 -9999 -9999 -9999 -9999 -9999 -9999 -9999 -9999 -9999 -9999 -9999 -9999 -9999 -9999 -9999 -9999 -9999 -9999 -9999 -9999 -9999 -9999 -9999 -9999 -9999 -9999 -9999 -9999 -9999 -9999
89.4224 88.9256 88.5467 86.9637 88.9801 89.0398 86.2929 89.5132 87.8444 87.6062 88.0949 83.7481 83.5859 70.7776 86.4006 85.2081 87.4658 89.6307 89.5899 89.0687 84.3281 87.6447 85.3076 80.299 88.4862 81.3066 82.794 81.8448 88.8658 88.3226 78.3994 87.463 85.6515 85.8172 72.9959 72.9027 -9999 -9999 -9999 -9999 -9999 -9999 -9999 -9999 -9999 -9999 -9999 -9999 -9999 -9999 -9999 -9999 -9999 -9999 -9999 -9999 -9999 -9999 -9999 -9999 -9999 -9999 -9999 -9999 -9999 -9999 -9999 -9999 -9999 -9999
87.708 88.7889 87.5177 87.1602 88.7831 89.3154 89.6975 88.4979 87.5044 88.5057 82.0851 87.3652 87.8533 79.2921 88.3024 88.1653 88.7668 89.1204 89.6203 89.6368 89.1796 88.5557 86.7309 88.3294 85.9277 79.9364 87.566 88.8921 86.7677 87.2429 80.1227 81.7374 60.0094 83.7343 29.8386 57.7337 -9999 -9999 -9999 -9999 -9999 -9999 -9999 -9999 -9999 -9999 -9999 -9999 -9999 -9999 -9999 -9999 -9999 -9999 -9999 -9999 -9999 -9999 -9999 -9999 -9999 -9999 -9999 -9999 -9999 -9999 -9999 -9999 -9999 -9999
86.6709 88.7441 88.1869 87.9229 89.3898 89.2466 89.0384 86.5423 86.0897 85.8986 89.0816 84.4444 88.4241 87.7428 88.1681 86.2357 88.7399 88.7769 89.3821 89.6207 88.9073 84.8777 88.2599 88.2944 87.2196 81.5168 88.4065 88.5393 88.2169 80.1106 86.6691 85.1838 68.0031 69.716 77.4789 72.3784 -9999 -9999 -9999 -9999 -9999 -9999 -9999 -9999 -9999 -9999 -9999 -9999 -9999 -9999 -9999 -9999 -9999 -9999 -9999 -9999 -9999 -9999 -9999 -9999 -9999 -9999 -9999 -9999 -9999 -9999 -9999 -9999 -9999 -9999
89.3689 88.7969 88.6241 86.9065 89.2218 89.7465 88.8778 86.6835 88.6222 87.279 87.9796 87.5938 89.3344 89.2011 89.0722 89.3456 89.2313 88.8846 84.2139 89.2159 89.3028 88.7278 88.9564 88.3426 86.7429 77.5641 85.2972 87.817 85.7982 81.9774 84.8212 85.9192 83.9171 82.7775 76.1499 -9999 -9999 -9999 -9999 -9999 -9999 -9999 -9999 -9999 -9999 -9999 -9999 -9999 -9999 -9999 -9999 -9999 -9999 -9999 -9999 -9999 -9999 -9999 -9999 -9999 -9999 -9999 -9999 -9999 -9999 -9999 -9999 -9999 -9999 -9999
85.7145 88.8198 87.6163 87.0424 87.387 89.7646 84.8794 87.651 89.112 85.1977 88.3133 87.7657 89.3501 89.3293 89.3004 89.3953 89.0299 89.5423 89.271 88.529 89.2182 89.1339 89.5499 89.3829 86.9621 87.5543 85.3179 81.7515 88.385 80.7907 87.9797 81.7794 58.5494 72.4804 82.6466 -9999 -9999 -9999 -9999 -9999 -9999 -9999 -9999 -9999 -9999 -9999 -9999 -9999 -9999 -9999 -9999 -9999 -9999 -9999 -9999 -9999 -9999 -9999 -9999 -9999 -9999 -9999 -9999 -9999 -9999 -9999 -9999 -9999 -9999 -9999
81.2103 88.3437 85.0197 86.6099 89.5147 89.4998 88.7617 87.0863 87.021 87.7005 87.2714 87.8506 88.1794 88.9166 89.2598 89.2206 88.9513 89.1241 89.2663 87.1404 89.3358 89.1252 88.7424 87.9406 87.8895 87.8446 87.6443 82.815 87.1588 87.8009 88.4111 82.5162 84.2139 66.4503 78.9705 -9999 -9999 -9999 -9999 -9999 -9999 -9999 -9999 -9999 -9999 -9999 -9999 -9999 -9999 -9999 -9999 -9999 -9999 -9999 -9999 -9999 -9999 -9999 -9999 -9999 -9999 -9999 -9999 -9999 -9999 -9999 -9999 -9999 -9999 -9999
89.3101 84.3281 87.6373 79.1025 88.515 88.9054 87.7234 87.164 89.4858 89.2201 88.4187 81.8516 89.2519 88.7868 87.8602 81.5168 89.1879 87.8951 87.1829 89.1498 89.4375 88.4729 88.9383 84.0782 86.8688 86.4995 85.3654 85.1584 77.1062 85.0976 84.3474 80.6146 84.515 61.8602 -9999 -9999 -9999 -9999 -9999 -9999 -9999 -9999 -9999 -9999 -9999 -9999 -9999 -9999 -9999 -9999 -9999 -9999 -9999 -9999 -9999 -9999 -9999 -9999 -9999 -9999 -9999 -9999 -9999 -9999 -9999 -9999 -9999 -9999 -9999 -9999
89.435 86.8726 87.2886 87.8762 88.4659 89.7938 89.7901 89.586 88.6365 89.4958 88.6923 89.1162 89.0723 87.8791 87.4646 86.6808 85.8596 88.3597 88.7795 84.8359 88.0569 87.8273 88.5353 83.4861 86.5279 84.9758 87.6536 88.0856 89.0402 87.186 88.5324 83.7157 83.9043 74.233 -9999 -9999 -9999 -9999 -9999 -9999 -9999 -9999 -9999 -9999 -9999 -9999 -9999 -9999 -9999 -9999 -9999 -9999 -9999 -9999 -9999 -9999 -9999 -9999 -9999 -9999 -9999 -9999 -9999 -9999 -9999 -9999 -9999 -9999 -9999 -9999
81.7409 83.3742 88.6113 88.8972 86.1482 87.891 89.1199 89.7383 86.0462 88.1143 89.5011 89.124 89.1749 86.9684 88.5841 87.8483 84.3777 88.198 86.4226 89.1167 87.5389 87.0484 89.0384 83.0765 88.5739 83.5204 81.124 83.0004 87.39 81.5053 80.906 82.3451 85.6028 31.3161 -9999 -9999 -9999 -9999 -9999 -9999 -9999 -9999 -9999 -9999 -9999 -9999 -9999 -9999 -9999 -9999 -9999 -9999 -9999 -9999 -9999 -9999 -9999 -9999 -9999 -9999 -9999 -9999 -9999 -9999 -9999 -9999 -9999 -9999 -9999 -9999
87.3385 85.7277 87.5367 88.4144 83.5475 89.2911 88.9538 89.7454 88.733 89.2797 89.3649 89.0631 89.2466 87.0751 88.046 87.4617 88.5951 88.2457 89.1117 89.1352 88.5579 86.1572 84.0201 88.3727 87.3597 74.4259 88.4808 80.5465 82.0318 85.2088 84.6165 84.0121 78.2803 -9999 -9999 -9999 -9999 -9999 -9999 -9999 -9999 -9999 -9999 -9999 -9999 -9999 -9999 -9999 -9999 -9999 -9999 -9999 -9999 -9999 -9999 -9999 -9999 -9999 -9999 -9999 -9999 -9999 -9999 -9999 -9999 -9999 -9999 -9999 -9999 -9999
84.6038 87.3876 88.7684 87.3191 88.488 89.2202 89.6056 89.7031 88.978 89.2283 89.2633 89.3641 87.6877 86.0204 85.3485 87.9482 87.2634 80.906 89.1684 89.2859 88.3095 86.0859 87.9415 85.8498 82.8746 73.4116 77.5641 82.6089 83.2602 84.7108 76.5482 83.46 80.1647 -9999 -9999 -9999 -9999 -9999 -9999 -9999 -9999 -9999 -9999 -9999 -9999 -9999 -9999 -9999 -9999 -9999 -9999 -9999 -9999 -9999 -9999 -9999 -9999 -9999 -9999 -9999 -9999 -9999 -9999 -9999 -9999 -9999 -9999 -9999 -9999 -9999
85.3654 89.1157 88.7439 88.4361 89.6123 89.8204 89.717 89.4293 89.1564 89.2949 88.5028 89.4984 87.4568 87.2266 87.428 88.093 87.5905 89.0734 89.2287 87.5351 89.0021 88.5156 89.1013 86.756 86.4355 84.4076 72.6792 83.6203 79.1025 79.4205 71.2907 76.3134 -9999 -9999 -9999 -9999 -9999 -9999 -9999 -9999 -9999 -9999 -9999 -9999 -9999 -9999 -9999 -9999 -9999 -9999 -9999 -9999 -9999 -9999 -9999 -9999 -9999 -9999 -9999 -9999 -9999 -9999 -9999 -9999 -9999 -9999 -9999 -9999 -9999 -9999
88.5315 88.1123 88.1253 87.8881 89.4951 89.8181 89.4483 87.964 83.4157 88.893 88.5557 88.8797 85.926 86.1328 86.1075 86.793 88.6321 88.603 88.3207 89.3977 86.6011 88.3168 88.8747 88.6058 82.8312 86.3386 86.1561 84.9267 87.6954 81.7794 55.6354 69.716 -9999 -9999 -9999 -9999 -9999 -9999 -9999 -9999 -9999 -9999 -9999 -9999 -9999 -9999 -9999 -9999 -9999 -9999 -9999 -9999 -9999 -9999 -9999 -9999 -9999 -9999 -9999 -9999 -9999 -9999 -9999 -9999 -9999 -9999 -9999 -9999 -9999 -9999
85.4842 88.5832 89.3463 89.3507 88.892 89.7566 89.4359 88.7566 86.1766 88.7993 70.0726 88.448 88.7887 88.6825 84.8928 87.6385 84.0638 87.9656 88.6837 89.0379 88.5937 86.4363 81.2776 77.0249 81.7515 55.8892 81.2442 85.9808 86.9309 72.9959 77.821 82.3675 -9999 -9999 -9999 -9999 -9999 -9999 -9999 -9999 -9999 -9999 -9999 -9999 -9999 -9999 -9999 -9999 -9999 -9999 -9999 -9999 -9999 -9999 -9999 -9999 -9999 -9999 -9999 -9999 -9999 -9999 -9999 -9999 -9999 -9999 -9999 -9999 -9999 -9999
86.7972 87.0948 88.2002 77.7983 89.3948 89.299 88.1329 86.6473 88.6246 89.3562 89.4504 85.6281 84.7592 70.8661 83.3282 88.4322 85.2232 75.6031 86.5145 88.6511 88.9076 81.5168 86.5822 87.7074 72.3784 77.8994 64.4083 47.5207 78.8509 82.6416 71.9518 -9999 -9999 -9999 -9999 -9999 -9999 -9999 -9999 -9999 -9999 -9999 -9999 -9999 -9999 -9999 -9999 -9999 -9999 -9999 -9999 -9999 -9999 -9999 -9999 -9999 -9999 -9999 -9999 -9999 -9999 -9999 -9999 -9999 -9999 -9999 -9999 -9999 -9999 -9999
87.3517 86.6426 87.8203 87.3172 89.2353 88.1046 87.8378 89.5995 89.087 89.394 89.2578 89.2807 89.03 88.1093 89.2873 40.7087 87.2115 88.7223 87.5063 88.4998 77.821 87.1219 86.5587 39.0487 85.7941 74.986 57.7337 73.8512 80.1166 83.3887 24.3929 -9999 -9999 -9999 -9999 -9999 -9999 -9999 -9999 -9999 -9999 -9999 -9999 -9999 -9999 -9999 -9999 -9999 -9999 -9999 -9999 -9999 -9999 -9999 -9999 -9999 -9999 -9999 -9999 -9999 -9999 -9999 -9999 -9999 -9999 -9999 -9999 -9999 -9999 -9999
89.0017 88.7756 89.1036 87.0294 89.8095 86.4423 89.2154 89.611 86.3533 88.3074 88.9529 88.7982 88.2353 79.3606 89.0018 84.244 87.982 88.4414 88.2252 88.4765 86.5256 87.7275 84.1371 84.1105 80.0679 85.2287 76.4868 73.9298 80.5465 45.398 -9999 -9999 -9999 -9999 -9999 -9999 -9999 -9999 -9999 -9999 -9999 -9999 -9999 -9999 -9999 -9999 -9999 -9999 -9999 -9999 -9999 -9999 -9999 -9999 -9999 -9999 -9999 -9999 -9999 -9999 -9999 -9999 -9999 -9999 -9999 -9999 -9999 -9999 -9999 -9999
89.6064 89.577 89.5937 89.779 88.8721 89.0369 89.4038 87.4337 86.0658 88.3189 86.8969 89.1481 89.0267 88.6299 88.8495 87.5861 87.4108 86.938 88.1199 88.4332 88.2249 85.751 80.3556 84.897 85.0135 85.6541 74.589 80.7114 85.9162 39.901 -9999 -9999 -9999 -9999 -9999 -9999 -9999 -9999 -9999 -9999 -9999 -9999 -9999 -9999 -9999 -9999 -9999 -9999 -9999 -9999 -9999 -9999 -9999 -9999 -9999 -9999 -9999 -9999 -9999 -9999 -9999 -9999 -9999 -9999 -9999 -9999 -9999 -9999 -9999 -9999
