Madagascar1218CLEAN/DATA/slopedem.txt
ncols         251
nrows         471
xllcorner     43.217484268189
yllcorner     -25.606154098314
cellsize      0.029
NODATA_value  -9999
[rows 155 to 185 of 471, columns 70 to 139 of 251]
89.8014 89.9502 89.9071 89.9576 89.9402 89.9205 -9999 89.8959 89.938 89.9136 89.9457 89.9804 89.9422 89.9764 89.9626 89.9788 89.9741 89.9611 89.9088 89.3961 89.9568 89.9839 89.9224 89.939 89.9572 89.9743 89.9586 89.969 89.9774 89.9835 89.9559 89.9842 89.9827 89.9598 89.9591 89.9813 89.9281 89.9894 89.9891 89.9906 89.9875 89.9878 89.9906 89.8964 89.9819 89.9727 89.9768 89.9784 89.9807 89.8983 89.8738 89.8453 89.8145 89.8203 89.8368 89.8784 89.9206 89.8114 89.3961 89.9357 89.146 89.0452 89.629 89.8977 89.7137 89.9232 89.9487 89.9566 88.0909 89.9325
89.9626 89.9228 89.9477 89.872 89.9679 89.9638 -9999 89.9523 89.8586 89.9481 89.9571 89.975 89.969 89.9715 89.9653 89.9757 89.9567 89.959 89.9553 89.961 89.9115 89.9429 89.9748 89.9824 89.9783 89.9807 89.9784 89.8906 89.9651 89.9796 89.9865 89.981 89.9794 89.954 89.9661 89.9685 89.9765 89.9923 89.9835 89.9904 89.9819 89.9655 89.9514 89.9877 89.9687 89.9745 89.98 89.8875 89.9781 89.9324 89.8325 89.573 89.4985 89.5782 89.6454 88.0909 89.8483 89.8271 89.146 89.3248 88.6498 89.9146 89.8586 89.6542 89.9559 89.7757 89.9407 89.9467 89.9431 89.933
89.9604 89.9353 89.9564 89.8568 89.9798 89.9807 -9999 89.9604 89.9513 89.9051 89.9601 89.7865 89.9719 89.9665 89.985 89.9766 89.9503 89.9653 89.9614 89.9727 89.9185 89.9889 89.9907 89.9781 89.9881 89.968 89.9663 89.9811 89.984 89.9493 89.9828 89.9743 89.9847 89.9743 89.9575 89.9761 89.9585 89.9868 89.9922 89.989 89.9938 89.9404 89.9672 89.9852 89.9852 89.9838 89.9823 89.9834 89.872 89.965 89.9284 89.7352 89.3961 89.345 89.3634 89.7631 89.7459 89.4703 89.4985 89.7584 89.8071 89.9385 89.9257 89.9411 89.9046 89.9546 89.943 89.9679 89.9657 89.9436
89.9742 89.9035 89.9587 89.967 89.9359 89.8971 -9999 89.9654 89.9623 89.9491 89.9684 89.8625 89.9718 89.9783 89.9857 89.9817 89.9778 89.9808 89.9291 89.3634 89.9711 89.9744 89.9708 89.9762 89.963 89.9546 89.9844 89.9877 89.9735 89.9764 89.9742 89.8688 89.9861 89.9845 89.991 89.9161 89.9749 89.9893 89.9798 89.9887 89.9852 89.9649 89.9649 89.9775 89.9832 89.994 89.9616 89.943 89.9828 89.9451 89.9011 88.6498 89.893 89.9074 89.9431 89.9494 89.8977 89.7987 89.9184 89.8568 89.778 89.8894 89.8419 89.8876 89.9507 89.9367 89.6255 89.8997 89.9397 89.9748
89.9416 89.9721 89.9606 89.9796 89.9566 89.9419 -9999 89.9403 89.9633 89.9444 89.9119 89.9364 89.981 89.9695 89.9833 89.9781 89.9849 89.9792 89.9858 89.9656 89.9836 89.9746 89.9681 89.9705 89.9466 89.9787 89.9818 89.9835 89.9526 89.8742 89.9707 89.9279 89.9553 89.9864 89.9585 89.9872 89.9878 89.9461 89.9938 89.9733 89.9189 89.9634 89.9599 89.9864 89.9827 89.9082 89.9784 89.8666 89.4985 89.5974 89.8453 89.9075 89.9475 89.95 89.9597 89.9411 89.8921 89.7947 89.8742 89.7692 89.8995 89.849 89.8842 89.8941 89.9623 89.8419 89.865 89.9343 89.8651 89.9674
89.9422 89.953 89.9729 89.9695 89.9432 89.9573 -9999 89.9794 89.9006 89.9069 89.8419 89.8676 89.8502 89.97 89.9533 89.9725 89.9785 89.9796 89.982 89.9768 89.988 89.9243 89.9597 89.98 89.939 89.9723 89.9611 89.903 89.9793 89.9771 89.9322 89.9719 89.9578 89.9477 89.9852 89.971 89.9567 89.9929 89.9827 89.9602 89.9556 89.8114 89.9856 89.9687 89.9826 89.9447 89.9145 89.9074 89.9071 89.955 89.8377 89.9734 89.964 89.9568 89.826 89.7928 89.7976 89.7976 89.7503 89.8864 89.7377 89.9006 89.9074 89.8978 89.9326 89.9535 89.936 89.9641 89.9649 89.9771
89.9889 89.8962 89.9403 89.969 89.9308 89.968 -9999 89.9663 89.9757 89.9376 89.9651 89.9283 89.8894 89.852 89.9683 89.8114 89.9778 89.9029 89.8752 89.967 89.9904 89.9734 89.9805 89.9697 89.9506 89.9849 89.9826 89.9891 89.9797 89.9633 89.978 89.9887 89.9743 89.965 89.983 89.9577 89.9513 89.9659 89.8977 89.9753 89.977 89.9895 89.9839 89.9766 89.9698 89.9892 89.948 89.9567 89.9513 89.9651 89.9489 89.8946 89.9686 89.9253 89.8707 89.9041 89.8927 89.892 89.7584 89.7787 89.8856 89.8768 89.8798 89.9168 89.971 89.9215 89.9258 89.9781 89.8746 89.9654
89.984 89.9707 89.9904 89.9831 89.9768 89.9566 -9999 89.9518 89.9643 89.9796 89.9659 89.9813 89.9467 89.8941 89.9311 89.9689 89.9636 89.9503 89.9525 89.9516 89.9799 89.9847 89.9851 89.9831 89.9541 89.9739 89.9796 89.9506 89.9618 89.878 89.629 89.9577 89.9876 89.9749 89.9884 89.9646 89.9703 89.9844 89.9901 89.9011 89.9912 89.9877 89.9936 89.9855 89.9936 89.9123 89.8227 89.9766 89.9841 89.9825 89.9282 89.8292 89.4598 89.9471 89.8727 89.9337 89.9021 89.9431 89.7153 89.9344 89.91 89.9462 89.9453 89.9373 89.9419 89.946 89.9629 89.957 89.932 89.9156
89.9699 89.9953 89.9718 89.9836 89.9632 89.9536 -9999 89.9342 89.629 89.914 89.9657 89.9678 89.8816 89.9514 89.9535 89.9595 89.9772 89.9508 89.9645 89.9315 89.8435 89.9848 89.9529 89.8894 89.9413 89.9763 89.9717 89.9775 89.9491 89.9761 89.9835 89.9823 89.9689 89.9751 89.9399 89.9863 89.9647 89.9888 89.9636 89.9856 89.9859 89.9136 89.989 89.9893 89.9885 89.9257 89.8827 89.9578 89.9686 89.8315 89.9573 89.8868 89.8945 89.9251 89.9091 89.2509 89.9329 89.665 89.7692 89.7312 89.9528 89.8014 89.146 89.958 89.893 89.8941 89.9704 89.9736 89.9703 89.9661
89.9877 89.9932 89.9612 89.9511 89.9763 89.9402 -9999 89.9852 89.9887 89.9756 89.9715 89.9531 89.9664 89.9557 89.9215 89.8183 89.9202 89.9654 89.9487 89.9557 89.9414 89.9841 89.9209 89.9524 89.963 89.9745 89.988 89.9291 89.9818 89.9836 89.9792 89.9753 89.9768 89.9827 89.9771 89.9865 89.9725 89.9868 89.9795 89.9776 89.9774 89.9812 89.9807 89.9865 89.9842 89.8727 89.9598 89.9784 89.9026 89.9505 89.7816 89.9483 89.9135 89.8292 89.8389 89.6454 89.809 89.2509 89.4703 89.7017 89.8529 89.9064 89.9392 89.9718 89.9757 89.9744 89.8878 89.979 89.9754 89.9879
89.9897 89.9887 89.9495 89.7891 89.9842 89.9452 -9999 89.9769 89.9781 89.9719 89.9634 89.9708 89.9781 89.9827 89.8353 87.301 89.8846 89.8656 89.944 89.9452 89.8644 89.9785 89.9805 89.9695 89.9617 89.965 89.9906 89.9577 89.9888 89.7684 89.9857 89.9877 89.9698 89.9827 89.618 89.9676 89.9498 89.9919 89.9702 89.9681 89.9944 89.9806 89.9921 89.9906 89.989 89.9729 89.9822 89.8227 89.9679 89.9253 89.8927 89.7352 89.8792 89.9272 89.9309 89.629 89.4703 89.665 89.6142 89.8656 89.7137 89.9075 89.9439 89.9307 89.9757 89.9612 89.952 89.9816 89.9915 89.9821
89.9798 89.9368 89.9133 89.9254 89.9593 89.9851 -9999 89.955 89.9766 89.9703 89.9898 89.9569 89.9836 89.9803 89.9619 89.9472 89.9445 89.9351 89.9394 89.8014 89.9592 89.9741 89.9749 89.981 89.959 89.9534 89.9458 89.8414 89.5499 89.9668 89.9727 89.9776 89.9823 89.9807 89.9636 89.9686 89.9835 89.9849 89.9904 89.9408 89.9341 89.9734 88.0909 89.5499 89.6839 89.979 89.9797 89.9123 89.9277 89.9523 89.9488 89.9482 89.9442 89.9406 89.905 89.7272 89.686 89.889 89.146 89.9606 89.9698 89.9791 89.979 89.9693 89.9771 89.9847 89.981 89.9582 89.988 89.969
89.9264 89.8818 89.951 89.9248 89.9849 89.9891 -9999 89.9254 89.9308 89.9156 89.973 89.966 89.9707 89.9633 89.9264 89.9272 89.9257 89.9341 89.97 89.7891 89.8183 89.9529 89.9224 89.958 89.9437 89.9331 89.9119 89.9378 89.7137 89.9036 89.9835 89.963 89.9577 89.9808 89.9915 89.9911 89.9827 89.9831 89.9602 88.7923 89.8806 89.9721 89.9629 89.9673 89.9685 89.9658 89.9572 89.9366 89.9248 89.8839 89.9298 89.9562 89.9535 89.9473 89.8973 89.618 89.936 89.9742 89.7976 89.9738 89.883 89.962 89.9678 89.9736 89.9707 89.9617 89.9782 89.9601 89.9706 89.9888
89.9414 89.96 89.9477 89.9562 89.9546 89.8943 -9999 89.9948 89.9889 89.9664 89.9432 89.9801 89.9769 89.9773 89.9522 89.9804 89.9255 89.967 89.9586 89.8362 89.9308 89.914 89.9473 89.9563 89.9272 89.9636 89.8923 89.9603 89.9688 89.9559 89.9496 89.9747 89.9525 89.9464 89.9497 89.8846 89.8203 89.93 89.9599 89.9628 89.9782 89.9473 89.9593 89.9724 89.9378 89.9577 89.9588 89.9591 89.9625 89.976 89.9634 89.9766 89.9139 89.9206 89.8127 89.665 89.9807 89.9224 89.9608 89.9727 89.9704 89.9882 89.9767 89.9729 89.9855 89.9649 89.9827 89.9847 89.9742 89.9923
89.9524 89.9666 89.9633 89.9561 89.9625 89.9162 -9999 89.9807 89.9863 89.9807 89.982 89.9785 89.9843 89.9889 89.9538 89.9511 89.9744 89.9834 89.974 89.9297 89.9023 89.928 89.8658 89.8658 89.9396 89.9577 89.9135 89.953 89.9129 89.7258 89.9125 89.9431 89.944 89.9737 89.9812 89.9654 89.9717 89.9567 89.9729 89.9444 89.9684 89.9485 89.9744 89.9643 89.9688 89.9592 89.9623 89.9643 89.9639 89.9663 89.9317 89.9436 89.8738 89.9099 89.8953 89.6142 89.9315 89.9756 89.9589 89.9723 89.9619 89.9781 89.9802 89.9704 89.9589 89.9605 89.9813 89.9862 89.9762 89.9881
89.9551 89.9425 89.858 89.9363 89.97 89.9092 -9999 89.9764 89.9806 89.977 89.8227 89.968 89.9632 89.9821 89.9872 89.9449 89.8325 89.8389 89.7545 89.9077 89.8996 89.921 89.9135 89.7137 89.9612 89.9357 89.915 89.9315 89.7684 89.9378 89.8483 89.9532 89.8941 89.9491 89.9648 89.969 89.9671 89.9641 89.9782 89.9615 89.9578 89.9514 89.9538 89.9413 89.942 89.9616 89.9647 89.9701 89.961 89.9753 89.9721 89.9309 89.9386 89.9488 89.8625 89.9414 89.9696 89.9867 89.9086 89.962 89.973 89.9783 89.9927 89.9907 89.9708 89.9907 89.9725 89.9647 89.9893 89.9692
89.9555 89.9707 89.869 89.9528 89.9683 89.9006 -9999 89.9917 89.9866 89.952 89.905 89.9526 89.9783 89.9652 89.9823 89.9497 89.9207 89.9373 89.6624 89.8946 89.9498 89.9567 89.9345 89.9135 89.9359 89.9315 89.91 89.9281 89.9376 89.9153 89.947 89.7555 89.952 89.8666 89.9344 89.9518 89.9491 89.9438 89.9829 89.8453 89.9209 89.944 89.9554 89.9562 89.9671 89.9667 89.951 89.9577 89.9595 89.9737 89.9767 89.8945 89.9699 89.979 89.8941 89.9493 89.9798 89.986 89.9808 89.9783 89.9681 89.9431 89.9781 89.9866 89.9823 89.9274 89.9831 89.9845 89.9914 89.9885
89.9553 89.873 89.9713 89.872 89.956 89.9563 -9999 89.9892 89.9926 89.9835 89.9654 89.9682 89.9641 89.9306 89.9822 89.8483 89.9585 89.8997 89.9498 89.9662 89.8864 89.9485 89.9187 89.9408 89.9366 89.9038 89.9291 89.9568 89.9708 89.9491 89.9708 89.9621 88.0909 89.889 89.8923 89.9591 89.878 89.9399 89.9473 89.9138 89.9173 89.8658 89.95 89.872 89.972 89.9836 89.9833 89.9924 89.9379 89.7492 89.914 89.9463 89.9837 89.7757 89.9706 89.9572 89.9717 89.9586 89.973 89.9803 89.9811 89.9809 89.9868 89.9466 89.9294 89.9757 89.9713 89.9909 89.9827 89.9708
89.939 89.9777 89.9538 89.973 89.973 89.9627 -9999 89.9957 89.994 89.959 88.7923 89.9751 89.972 89.9817 89.9701 89.9639 89.8292 89.8922 89.9092 89.9608 89.9207 89.9581 89.9333 89.8891 89.9537 89.9697 89.9394 89.9631 89.8774 89.9544 89.9202 89.9553 89.909 89.9376 89.9585 89.9452 89.9779 89.9794 89.9707 89.9719 89.9663 89.9773 89.9579 89.9682 89.9674 89.9763 89.9928 89.9856 89.9843 89.9453 89.9603 89.984 89.6839 89.9644 89.9821 89.9698 89.9572 89.9496 89.9686 89.9475 89.9829 89.9578 89.9675 89.9662 89.9085 89.9768 89.9861 89.9906 89.9777 89.9845
89.9453 89.9636 89.9351 89.9239 89.9768 89.9847 -9999 89.9939 89.9907 89.994 89.9618 89.944 89.9729 89.9678 89.9732 89.9662 89.9594 89.9284 89.7352 89.9695 89.9687 89.8964 89.955 89.9599 89.944 89.8715 89.9603 89.9795 89.9544 89.9329 89.9204 89.958 89.9567 89.9348 89.9541 89.9606 89.9637 89.9659 89.9761 89.9675 89.9788 89.9587 89.9446 89.9878 89.9742 89.9926 89.994 89.9811 89.8742 89.9631 89.5782 88.7923 89.951 89.9654 89.9729 89.9669 89.9599 89.98 89.9746 89.9414 89.959 89.9903 89.9841 89.9767 89.9874 89.9928 89.9956 89.9869 89.9832 89.9878
89.8509 89.9653 89.9481 89.9582 89.961 89.9728 -9999 89.9726 89.9959 89.9347 89.9422 89.9708 89.9556 89.9779 89.961 89.9608 89.9072 89.9669 89.9088 89.9209 89.9615 89.9388 89.9664 89.9473 89.947 89.9699 89.9835 89.9586 89.9852 89.9569 89.9484 89.9668 89.9364 89.9298 89.9674 89.9777 89.9782 89.943 89.8531 89.9812 89.9606 89.97 89.9733 89.9753 89.9889 89.8476 89.7299 89.9289 89.9534 89.9543 89.869 89.9445 89.9746 89.9741 89.9647 89.9753 89.9634 89.9753 89.9791 89.9827 89.9791 89.9946 89.9732 89.9358 89.9931 89.9927 89.9938 89.9963 89.994 89.9915
89.9815 89.8861 89.9748 89.9863 89.9695 89.926 -9999 89.9251 89.9942 89.9505 89.9554 89.9381 89.9554 89.9843 89.974 89.9693 89.9553 89.9494 89.9522 89.9635 89.9666 89.9664 89.9541 89.9693 89.9716 89.9848 89.9771 89.9781 89.9724 89.9499 89.9661 89.9541 89.978 89.9422 89.932 89.9699 89.9712 89.9614 89.9687 89.9651 89.9671 89.939 89.9564 89.9948 89.9364 89.9322 89.9332 89.9379 89.9781 89.6454 89.9858 89.9834 89.987 89.9729 89.9575 89.9745 89.9762 89.8629 89.9819 89.9893 89.9338 89.9816 89.9785 89.9866 89.9965 89.9944 89.9935 89.993 89.9918 89.993
89.9569 89.9426 89.9871 89.9647 89.8839 89.9738 -9999 89.9591 89.9968 89.9536 89.9691 89.9182 89.9123 89.9491 89.9694 89.9752 89.9426 89.9556 89.97 89.9535 89.9438 89.9699 89.9811 89.9738 89.9762 89.9756 89.9716 89.9915 89.9672 89.955 89.9616 89.9563 89.9801 89.9776 89.9538 89.9581 89.9697 89.9833 89.9554 89.5225 89.9643 89.9708 89.9583 89.9825 89.9816 89.9698 89.858 89.9498 89.7584 89.9711 89.9878 89.959 89.9855 89.9744 89.9585 89.9599 89.9685 89.9832 89.9168 89.9667 89.9929 89.9838 89.975 89.9726 89.995 89.9875 89.9934 89.9892 89.9938 89.9905
89.9713 89.9591 89.9414 89.9865 89.9631 89.9536 -9999 89.9517 89.9956 89.964 89.9467 89.9655 89.7928 89.955 89.947 89.9365 89.9384 89.9598 89.9717 89.9724 89.9657 89.985 89.9938 89.9932 89.9742 89.9958 89.9939 89.9847 89.9897 89.9817 89.9446 89.9489 89.9804 89.9875 89.9795 89.9738 89.9559 89.9284 89.9461 89.9408 89.9566 89.9538 89.9951 89.9544 89.9108 89.9556 89.9484 89.9743 89.974 89.9702 89.9842 89.9645 89.9479 89.8577 89.9866 89.9659 89.9856 89.9623 89.9574 89.9644 89.9683 89.8328 89.9958 89.9935 89.9966 89.9948 89.9966 89.9927 89.994 89.9912
89.9729 89.988 89.9579 89.9251 89.9337 89.9384 -9999 89.9007 89.9967 89.9649 89.9706 89.969 89.9471 89.9594 89.9218 89.9382 89.8292 89.9571 89.9618 89.9892 89.9883 89.9908 89.9918 89.9874 89.9832 89.9925 89.9935 89.9935 89.992 89.9881 89.9876 89.9793 89.9727 89.9809 89.984 89.9648 89.9687 89.978 89.9473 89.9467 89.9723 89.921 89.9942 89.9775 89.9407 89.967 89.9587 89.9802 89.9773 89.7891 89.9763 89.9775 89.9558 89.9637 89.9757 89.9909 89.939 89.9374 89.9609 89.9766 89.988 89.9959 89.9915 89.9929 89.9941 89.9903 89.9892 89.9711 89.9919 89.9978
89.9717 89.9714 89.9714 89.9861 89.9307 89.9329 -9999 89.9324 89.9488 89.878 89.9709 89.9708 89.9426 89.9074 89.9679 89.9645 89.9732 89.9577 89.962 89.9812 89.9741 89.9845 89.9922 89.9847 89.9099 89.9844 89.9828 89.9762 89.8752 89.9909 89.9908 89.9769 89.9437 89.9868 89.9534 89.9809 89.987 89.9906 89.9621 89.9118 89.954 89.979 89.9957 89.8145 89.707 89.9372 89.9736 89.9773 89.9667 89.9846 89.9822 89.9599 89.9585 89.9644 89.9674 89.9713 89.9886 89.9341 89.7312 89.9057 89.9956 89.9906 89.9928 89.9859 89.9853 89.9824 89.9931 89.9329 89.997 89.9915
89.9611 89.9805 89.9676 89.969 89.961 89.9396 -9999 89.9718 89.9656 89.9903 89.9656 89.9436 89.9449 89.9536 89.8921 89.9706 89.9652 89.9547 89.9692 89.9623 89.9688 89.9796 89.9758 89.9827 89.9891 89.9813 89.9923 89.9924 89.9943 89.993 89.9935 89.982 89.9751 89.9729 89.9681 89.9402 89.982 89.9736 89.9023 89.9549 89.9635 89.9955 89.7492 89.7017 89.9724 89.9786 89.9713 89.9645 89.9804 89.9727 89.9386 89.9798 89.9722 89.9707 89.9927 89.9621 89.939 89.9715 89.9712 89.9813 89.9954 89.991 89.989 89.9964 89.9974 89.9932 89.9913 89.9956 89.9962 89.9951
89.941 89.9776 89.9711 89.9749 89.9558 89.903 -9999 89.9487 89.9541 89.9937 89.941 89.9587 89.9493 89.9621 89.9611 89.9589 89.9382 89.9279 89.9357 89.9518 89.9728 89.9892 89.9417 89.9592 89.9924 89.9871 89.9958 89.9942 89.9958 89.9924 89.9928 89.9953 89.9939 89.9854 89.9766 89.9696 89.9608 89.9455 89.9711 89.9415 89.9956 89.8843 89.573 89.9755 89.9708 89.966 89.9919 89.9854 89.9759 89.9911 89.9848 89.985 89.9659 89.9784 89.9502 89.9788 89.9858 89.9914 89.9494 89.9731 89.9942 89.9896 89.9874 89.9528 89.9904 89.9966 89.9614 89.9879 89.9733 89.9897
89.9656 89.9671 89.9798 89.9613 89.8996 89.8968 -9999 89.9183 89.9222 89.9954 89.9523 89.9171 89.9676 89.9641 89.9057 89.9728 89.9673 89.9656 89.9609 89.9512 89.9487 89.9895 89.9688 89.9722 89.9949 89.994 89.9897 89.9958 89.9929 89.9937 89.9947 89.9944 89.9734 89.9931 89.9878 89.9796 89.9732 89.9947 89.9958 89.9957 89.96 89.9652 89.9851 89.9598 89.9711 89.9778 89.9883 89.9843 89.9684 89.9859 89.9796 89.9682 89.9373 89.8922 89.9344 89.9925 89.9761 89.9928 89.9647 89.9746 89.9929 89.9927 89.9915 89.9881 89.9889 89.9975 89.9795 89.9409 89.9868 89.983
89.9659 89.7503 89.9628 89.9501 89.9538 89.943 -9999 89.939 89.9171 89.9918 89.9702 89.9666 89.9771 89.9625 89.9626 89.9517 89.9609 89.9788 89.9136 89.9772 89.9947 89.9939 89.9751 89.9924 89.996 89.9576 89.996 89.9789 89.9966 89.9648 89.9963 89.9924 89.9947 89.9949 89.992 89.9922 89.988 89.9875 89.948 89.9396 89.9289 89.9901 89.9725 89.9723 89.9808 89.9892 89.9272 89.9518 89.9605 89.9471 89.9647 89.9133 89.982 89.9876 89.9613 89.9862 89.9607 89.9784 89.9923 89.9576 89.9935 89.9925 89.9881 89.99 89.9869 89.997 89.9905 89.9403 89.9924 89.974
89.9603 89.963 89.9239 89.951 89.8274 89.9598 -9999 89.8932 89.9205 89.994 89.9948 89.9624 89.9745 89.9736 89.9793 89.9628 89.9748 89.9513 89.9908 89.9898 89.9882 89.9917 89.961 89.9611 89.9953 89.9854 89.9933 89.9763 89.9726 89.9907 89.9826 89.9938 89.9923 89.9867 89.9774 89.99 89.9801 89.9913 89.3961 89.8476 89.9816 89.9802 89.973 89.9301 89.9848 89.9822 89.987 89.9653 89.9665 89.9757 89.9562 89.9635 89.9672 89.9843 89.9797 89.9875 89.9942 89.9883 89.9871 89.8658 89.9961 89.9935 89.9867 89.9962 89.9963 89.9928 89.9914 89.9566 89.9921 89.9766
